301 191 3
301 204 3
301 269 3
301 283 2
301 423 3
301 484 3
301 515 3
301 604 3
302 243 3
302 269 3
302 286 3
302 313 3
302 315 3
302 326 3
302 328 3
302 333 3
302 678 3
303 258 4
303 268 4
303 269 4
303 294 4
303 300 4
303 303 4
303 305 4
303 325 4
303 333 4
303 340 4
303 682 4
303 995 4
304 64 5
304 143 5
304 194 5
304 245 5
304 286 5
304 418 5
304 480 5
304 492 5
304 604 5
304 606 5
304 705 5
305 137 3
305 272 3
305 327 3
305 650 4
305 651 3
305 750 3
305 886 3
306 121 3
306 126 4
306 127 4
306 151 4
306 252 3
306 289 3
306 405 3
306 924 3
307 111 4
307 118 4
307 181 4
307 220 3
307 252 4
307 258 4
307 298 4
307 301 4
307 471 4
307 476 3
307 546 3
307 845 4
307 926 3
308 245 3
308 288 4
308 300 4
308 873 3
308 879 4
309 268 4
309 270 3
309 292 3
309 300 3
309 302 3
309 310 3
309 313 4
309 332 3
309 346 4
309 682 2
309 690 3
309 880 4
310 21 2
310 94 3
310 181 4
310 240 3
310 300 3
310 596 3
310 597 3
311 64 4
311 111 4
311 151 4
311 251 4
311 257 4
311 272 4
311 750 4
311 751 4
312 1 4
312 9 4
312 100 4
312 129 4
312 268 5
312 276 4
312 286 4
312 300 4
312 742 4
313 243 4
313 286 4
313 288 3
313 310 4
313 313 3
313 315 4
313 323 4
313 333 4
313 748 4
314 258 4
314 272 4
314 288 4
314 319 4
314 362 4
314 882 4
314 891 3
315 243 4
315 259 4
315 288 4
315 294 4
315 321 4
315 339 4
315 342 4
315 359 3
315 410 4
315 597 4
315 687 5
315 875 5
315 988 4
316 14 4
316 237 3
316 245 3
316 272 3
316 313 4
316 321 4
316 676 3
317 272 3
317 315 3
317 316 3
317 319 4
317 345 4
318 98 4
318 173 5
318 245 4
318 269 4
318 286 5
318 288 4
318 294 4
318 301 4
318 313 4
318 315 4
318 347 4
318 752 4
319 271 4
319 288 3
319 289 3
319 301 3
319 304 3
319 308 3
319 310 3
319 331 3
319 338 3
319 877 4
319 938 3
319 989 3
320 269 4
320 271 3
320 288 4
320 294 3
320 300 4
320 305 4
320 325 3
320 327 4
320 333 4
320 343 3
320 890 3
321 100 4
321 150 4
321 151 4
321 168 4
321 191 4
321 194 4
321 198 4
321 205 4
321 222 4
321 276 4
321 288 4
321 313 4
321 682 3
321 902 3
322 1 3
322 24 3
322 147 3
322 254 4
322 405 3
322 410 3
322 471 3
322 473 3
322 742 3
323 100 4
323 264 4
323 328 4
323 456 5
323 687 3
323 876 4
323 881 4
323 948 3
324 245 2
324 270 3
324 289 2
324 294 2
324 309 3
324 322 2
324 328 2
324 879 3
325 237 3
325 271 3
325 278 3
325 288 3
325 298 3
325 300 3
325 313 3
325 328 3
325 343 3
325 682 3
325 742 3
325 763 3
326 13 4
326 25 4
326 100 5
326 111 4
326 116 4
326 150 5
326 235 4
326 283 4
326 306 4
326 476 4
326 756 3
327 258 4
327 300 4
327 303 4
327 319 4
327 333 4
327 334 3
328 14 5
328 50 4
328 222 4
328 258 4
328 748 5
328 832 5
328 845 4
329 245 4
329 264 3
329 268 4
329 322 4
329 323 4
329 328 4
329 354 4
329 678 3
329 748 3
329 879 4
330 259 3
330 267 4
330 268 4
330 301 4
330 306 3
330 333 4
330 338 3
330 346 3
330 682 3
330 751 4
330 879 4
331 1 5
331 5 5
331 7 4
331 8 5
331 9 4
331 11 5
331 12 4
331 22 5
331 31 5
331 38 4
331 53 4
331 54 4
331 56 5
331 70 5
331 73 5
331 77 5
331 79 5
331 82 5
331 95 5
331 96 5
331 97 5
331 98 5
331 105 4
331 106 4
331 117 5
331 118 5
331 120 4
331 121 5
331 122 4
331 123 5
331 125 5
331 127 4
331 144 5
331 156 5
331 159 5
331 172 5
331 174 5
331 181 5
331 182 5
331 204 5
331 210 5
331 218 5
331 222 5
331 227 5
331 228 5
331 229 4
331 230 4
331 232 4
331 233 5
331 234 4
331 235 4
331 237 5
331 240 5
331 249 5
331 255 4
331 257 5
331 258 5
331 264 4
331 265 5
331 271 4
331 273 4
331 282 5
331 288 5
331 291 5
331 293 5
331 294 4
331 295 4
331 298 4
331 300 5
331 307 5
331 313 5
331 322 5
331 323 4
331 326 4
331 327 5
331 328 5
331 332 4
331 333 5
331 342 4
331 356 4
331 369 4
331 370 4
331 405 5
331 406 4
331 409 4
331 410 4
331 449 4
331 450 4
331 451 4
331 452 5
331 456 4
331 470 4
331 546 4
331 566 5
331 595 4
331 597 4
331 628 4
331 651 5
331 655 5
331 660 5
331 673 5
331 679 4
331 684 5
331 693 5
331 696 5
331 728 4
331 746 4
331 756 5
331 763 5
331 770 5
331 815 4
331 824 5
331 827 4
331 831 5
331 833 5
331 840 4
331 841 4
331 845 5
331 866 4
331 871 4
331 879 5
331 895 5
331 928 5
331 931 4
331 934 5
331 975 4
331 978 4
331 982 4
331 983 4
332 88 4
332 153 4
332 168 4
332 180 4
332 186 4
332 269 4
332 294 4
332 315 4
332 316 5
332 435 4
332 513 4
332 748 3
332 873 4
333 4 4
333 7 4
333 8 5
333 9 5
333 12 5
333 13 4
333 19 4
333 20 4
333 22 4
333 23 5
333 28 4
333 42 4
333 50 5
333 52 4
333 56 5
333 58 4
333 59 5
333 61 4
333 68 4
333 69 4
333 70 4
333 72 4
333 73 4
333 74 4
333 77 3
333 79 4
333 81 4
333 86 4
333 89 4
333 91 4
333 93 4
333 95 4
333 98 4
333 100 4
333 111 4
333 115 4
333 116 4
333 117 4
333 124 4
333 125 4
333 127 4
333 131 4
333 132 5
333 134 5
333 135 5
333 143 4
333 150 4
333 153 4
333 154 4
333 155 3
333 160 4
333 163 4
333 164 4
333 168 4
333 169 4
333 170 5
333 171 4
333 172 4
333 173 4
333 174 5
333 175 4
333 176 4
333 181 4
333 182 5
333 183 5
333 185 4
333 186 4
333 191 4
333 196 4
333 197 5
333 200 4
333 203 4
333 204 4
333 207 4
333 210 5
333 213 4
333 216 4
333 217 4
333 220 5
333 221 3
333 222 4
333 223 4
333 224 3
333 225 4
333 227 3
333 228 4
333 229 4
333 230 3
333 231 4
333 235 3
333 237 4
333 238 4
333 239 4
333 244 3
333 245 4
333 248 4
333 250 4
333 255 4
333 257 4
333 258 4
333 265 4
333 268 4
333 269 5
333 271 3
333 272 5
333 275 4
333 276 4
333 277 3
333 282 4
333 283 4
333 285 4
333 286 4
333 287 4
333 288 4
333 289 4
333 293 4
333 297 4
333 300 4
333 301 4
333 303 4
333 305 4
333 306 4
333 310 4
333 311 4
333 312 4
333 313 5
333 315 5
333 316 5
333 317 4
333 318 4
333 319 4
333 322 4
333 324 4
333 326 4
333 328 4
333 333 4
333 337 4
333 338 4
333 340 4
333 345 4
333 346 4
333 347 4
333 371 4
333 396 4
333 405 4
333 408 4
333 421 4
333 423 4
333 425 4
333 428 5
333 429 4
333 430 5
333 433 4
333 436 4
333 443 4
333 449 4
333 450 3
333 461 4
333 462 4
333 474 5
333 475 4
333 476 4
333 481 5
333 483 5
333 484 5
333 485 4
333 488 5
333 494 4
333 498 5
333 500 4
333 502 4
333 505 4
333 506 5
333 508 4
333 510 5
333 512 4
333 514 4
333 515 4
333 521 4
333 525 5
333 529 4
333 537 4
333 553 4
333 558 3
333 566 3
333 577 4
333 582 4
333 591 4
333 603 4
333 606 4
333 607 5
333 620 5
333 628 4
333 629 4
333 631 4
333 634 4
333 635 3
333 640 4
333 642 4
333 652 4
333 655 4
333 657 4
333 658 4
333 663 4
333 675 4
333 678 3
333 684 4
333 689 3
333 693 4
333 707 4
333 708 4
333 709 4
333 710 3
333 712 4
333 716 4
333 736 5
333 740 5
333 742 4
333 744 4
333 746 5
333 753 4
333 762 4
333 792 4
333 815 3
333 840 4
333 845 4
333 846 4
333 855 4
333 856 5
333 865 5
333 870 4
333 877 4
333 879 4
333 886 3
333 887 4
333 888 4
333 896 4
333 899 4
333 902 4
333 905 4
333 906 5
333 922 4
333 931 3
333 936 5
333 937 5
333 945 4
333 950 3
333 955 4
333 961 4
333 969 3
334 245 4
334 258 4
334 269 3
334 288 4
334 307 4
334 313 4
334 324 4
334 342 3
334 347 4
334 748 4
334 902 3
335 3 3
335 4 3
335 13 3
335 15 3
335 26 3
335 33 3
335 41 3
335 42 3
335 49 3
335 56 3
335 66 3
335 67 3
335 88 3
335 94 3
335 100 3
335 105 2
335 111 3
335 117 3
335 121 3
335 122 2
335 124 3
335 125 4
335 151 3
335 153 3
335 154 3
335 158 3
335 168 3
335 186 3
335 202 3
335 208 3
335 216 3
335 232 3
335 237 3
335 239 3
335 275 3
335 276 3
335 282 3
335 284 3
335 290 4
335 367 3
335 383 3
335 388 2
335 395 3
335 401 3
335 405 3
335 410 3
335 451 3
335 475 3
335 546 3
335 571 4
335 577 3
335 619 3
335 628 3
335 655 3
335 692 3
335 710 3
335 722 3
335 732 3
335 738 3
335 742 3
335 762 3
335 763 3
335 765 3
335 780 3
335 781 3
335 785 3
335 790 4
335 796 3
335 824 3
335 859 3
335 864 3
335 959 3
335 998 4
335 999 4
336 15 4
336 50 4
336 106 4
336 121 4
336 127 4
336 181 4
336 228 4
336 230 4
336 235 4
336 257 4
336 371 4
336 380 4
336 392 4
336 515 4
336 520 4
336 631 4
336 742 4
336 831 3
337 1 4
337 56 4
337 79 4
337 83 4
337 132 4
337 133 4
337 134 4
337 135 4
337 168 4
337 170 4
337 174 4
337 175 4
337 180 4
337 189 5
337 194 4
337 204 4
337 208 4
337 211 4
337 212 4
337 213 4
337 215 4
337 216 4
337 269 4
337 294 4
337 301 4
337 306 4
337 310 4
337 435 4
337 443 4
337 462 4
337 474 4
337 480 4
337 483 4
337 484 4
337 486 5
337 488 4
337 490 4
337 494 4
337 498 4
337 511 5
337 513 4
337 514 4
337 516 5
337 523 4
337 525 5
337 582 4
337 604 4
337 607 5
337 613 5
337 650 5
337 654 4
337 708 5
337 792 4
337 945 3
338 1 4
338 4 5
338 5 5
338 7 4
338 11 4
338 12 5
338 22 4
338 23 5
338 25 5
338 28 4
338 29 4
338 30 4
338 32 5
338 42 5
338 47 4
338 50 5
338 55 4
338 56 5
338 58 4
338 64 4
338 65 5
338 67 4
338 69 4
338 73 5
338 74 2
338 76 5
338 79 5
338 80 4
338 81 5
338 82 4
338 86 5
338 88 5
338 89 5
338 91 5
338 97 4
338 98 5
338 100 5
338 101 5
338 117 4
338 121 4
338 124 4
338 126 5
338 127 5
338 130 4
338 131 4
338 132 4
338 133 4
338 134 4
338 135 5
338 136 5
338 139 5
338 144 4
338 145 5
338 150 4
338 151 4
338 153 4
338 154 5
338 156 5
338 157 5
338 159 5
338 160 5
338 161 4
338 163 4
338 167 4
338 168 5
338 170 4
338 174 4
338 175 5
338 179 5
338 180 5
338 181 5
338 183 4
338 186 5
338 188 5
338 190 4
338 191 4
338 192 5
338 194 4
338 195 5
338 196 4
338 197 5
338 198 4
338 199 5
338 203 5
338 204 4
338 205 5
338 208 4
338 209 5
338 214 5
338 222 5
338 226 4
338 227 4
338 228 5
338 231 5
338 233 4
338 235 5
338 238 5
338 240 5
338 248 5
338 257 5
338 258 5
338 265 4
338 269 4
338 270 4
338 276 4
338 286 4
338 288 4
338 298 4
338 302 4
338 317 4
338 327 4
338 347 4
338 357 5
338 380 5
338 383 5
338 402 4
338 403 5
338 404 4
338 410 4
338 411 4
338 415 5
338 427 4
338 428 4
338 431 5
338 433 4
338 435 5
338 436 4
338 447 4
338 449 4
338 451 5
338 461 4
338 469 5
338 474 5
338 475 5
338 478 4
338 479 4
338 483 4
338 484 4
338 485 5
338 496 4
338 498 4
338 503 5
338 508 5
338 509 5
338 514 4
338 515 5
338 516 5
338 521 4
338 522 4
338 523 4
338 525 5
338 527 4
338 528 5
338 530 4
338 546 4
338 549 4
338 550 4
338 566 4
338 568 5
338 573 5
338 582 4
338 603 4
338 607 4
338 614 4
338 631 5
338 632 4
338 636 5
338 637 4
338 640 5
338 642 4
338 649 4
338 650 5
338 655 4
338 657 4
338 661 4
338 663 4
338 673 5
338 675 4
338 678 4
338 693 5
338 702 4
338 709 4
338 719 5
338 735 4
338 737 5
338 739 4
338 770 4
338 772 5
338 806 5
338 823 4
338 845 5
338 856 4
338 939 5
338 942 5
338 961 5
339 1 4
339 15 4
339 50 5
339 66 4
339 71 4
339 143 4
339 172 5
339 174 4
339 179 4
339 181 4
339 205 4
339 215 4
339 265 4
339 274 4
339 402 4
339 405 4
339 423 4
339 435 4
339 486 4
339 502 4
339 504 4
339 520 5
339 526 4
339 584 4
339 662 5
339 946 4
340 3 3
340 4 3
340 7 3
340 8 3
340 11 3
340 13 3
340 15 3
340 23 4
340 25 3
340 26 3
340 28 3
340 47 3
340 56 3
340 58 3
340 68 3
340 92 3
340 93 4
340 95 3
340 98 3
340 100 3
340 108 4
340 111 3
340 122 3
340 123 3
340 124 3
340 129 3
340 131 3
340 132 3
340 133 3
340 134 3
340 135 3
340 143 3
340 144 3
340 156 3
340 160 3
340 174 3
340 175 3
340 179 3
340 188 3
340 189 3
340 191 3
340 192 3
340 193 3
340 194 3
340 196 3
340 197 3
340 204 3
340 208 3
340 209 3
340 212 4
340 216 3
340 223 4
340 237 3
340 238 3
340 240 3
340 248 4
340 251 4
340 255 3
340 257 3
340 262 3
340 274 3
340 276 3
340 282 3
340 286 3
340 287 3
340 288 3
340 289 3
340 294 3
340 297 3
340 298 3
340 301 3
340 319 4
340 320 3
340 326 3
340 327 3
340 367 3
340 378 3
340 381 3
340 382 4
340 408 4
340 412 4
340 421 3
340 423 3
340 427 3
340 433 3
340 461 3
340 483 3
340 487 3
340 496 3
340 499 3
340 508 3
340 517 3
340 518 3
340 523 3
340 531 3
340 535 2
340 544 3
340 547 3
340 558 2
340 574 2
340 581 3
340 584 3
340 591 3
340 606 3
340 607 3
340 654 3
340 655 3
340 656 3
340 657 3
340 663 3
340 692 3
340 699 3
340 723 3
340 724 3
340 727 4
340 732 3
340 746 3
340 756 3
340 762 3
340 764 3
340 772 3
340 789 4
340 792 3
340 813 4
340 818 3
340 844 2
340 846 3
340 866 3
340 873 3
340 875 2
340 928 3
340 950 3
340 965 3
340 975 3
341 1 4
341 4 4
341 7 4
341 8 4
341 9 5
341 10 4
341 11 4
341 12 4
341 20 4
341 23 4
341 25 4
341 26 4
341 28 4
341 38 4
341 42 4
341 44 4
341 47 4
341 48 4
341 50 4
341 52 4
341 53 5
341 55 4
341 56 4
341 57 4
341 58 4
341 62 4
341 63 4
341 65 4
341 66 4
341 67 4
341 68 4
341 69 4
341 76 5
341 77 4
341 79 4
341 81 4
341 82 4
341 83 4
341 86 4
341 87 4
341 90 4
341 97 4
341 98 4
341 100 4
341 117 4
341 118 4
341 121 4
341 124 4
341 127 4
341 132 4
341 134 4
341 135 4
341 137 4
341 143 4
341 144 4
341 147 4
341 152 4
341 153 4
341 155 4
341 156 5
341 159 4
341 163 4
341 164 4
341 168 4
341 169 4
341 174 4
341 176 4
341 177 4
341 179 4
341 180 4
341 186 4
341 187 4
341 188 4
341 189 4
341 193 4
341 194 4
341 196 4
341 197 4
341 199 4
341 200 4
341 208 4
341 211 4
341 214 4
341 223 4
341 228 4
341 229 4
341 231 5
341 234 4
341 235 4
341 236 4
341 237 4
341 241 4
341 250 4
341 257 4
341 265 4
341 269 5
341 275 4
341 276 4
341 277 4
341 283 4
341 288 4
341 297 5
341 302 5
341 303 4
341 306 4
341 318 4
341 324 4
341 333 4
341 334 4
341 357 4
341 358 4
341 371 4
341 375 3
341 382 4
341 385 4
341 405 4
341 408 4
341 410 4
341 423 4
341 427 4
341 429 4
341 435 4
341 449 4
341 461 4
341 462 4
341 463 4
341 471 4
341 473 4
341 474 4
341 475 4
341 476 4
341 483 4
341 498 4
341 499 4
341 508 4
341 510 4
341 515 4
341 521 4
341 523 4
341 527 4
341 528 4
341 530 4
341 536 4
341 546 4
341 555 4
341 559 4
341 561 4
341 568 4
341 569 4
341 581 4
341 582 4
341 606 4
341 614 4
341 631 4
341 642 4
341 654 5
341 655 4
341 657 5
341 660 4
341 684 4
341 702 4
341 703 4
341 708 4
341 712 3
341 724 4
341 727 4
341 729 4
341 739 4
341 744 4
341 747 5
341 778 4
341 786 4
341 792 4
341 823 4
341 919 4
341 921 5
341 930 4
341 931 4
341 943 4
341 950 3
341 951 4
341 961 4
341 980 4
342 1 4
342 4 4
342 5 3
342 8 4
342 9 4
342 11 4
342 12 4
342 13 3
342 14 4
342 22 4
342 25 4
342 26 3
342 39 3
342 45 3
342 58 4
342 70 4
342 71 4
342 73 3
342 79 4
342 86 3
342 87 3
342 88 3
342 89 4
342 95 3
342 96 4
342 97 3
342 98 4
342 111 3
342 118 3
342 119 5
342 121 3
342 122 4
342 124 4
342 125 3
342 127 4
342 129 3
342 132 4
342 137 3
342 151 4
342 169 4
342 172 4
342 174 4
342 176 4
342 181 4
342 183 4
342 190 4
342 191 4
342 195 4
342 196 4
342 198 4
342 202 3
342 203 4
342 204 3
342 208 4
342 210 3
342 216 3
342 222 4
342 228 4
342 235 4
342 237 3
342 244 3
342 245 3
342 246 4
342 248 4
342 251 4
342 255 3
342 268 4
342 269 4
342 272 4
342 273 4
342 275 3
342 276 4
342 278 3
342 280 3
342 281 3
342 283 4
342 284 3
342 285 4
342 286 4
342 288 3
342 291 3
342 295 4
342 297 4
342 298 3
342 301 4
342 303 4
342 304 4
342 311 3
342 313 4
342 315 3
342 316 4
342 322 3
342 357 4
342 367 4
342 385 3
342 405 3
342 421 4
342 433 4
342 451 4
342 459 4
342 462 4
342 471 3
342 472 3
342 476 3
342 477 3
342 478 3
342 479 4
342 486 3
342 487 3
342 494 3
342 508 4
342 509 3
342 511 4
342 516 3
342 535 3
342 537 3
342 559 4
342 562 3
342 568 3
342 597 3
342 619 3
342 647 4
342 660 4
342 663 4
342 678 3
342 684 4
342 694 3
342 696 3
342 707 3
342 708 3
342 709 4
342 713 4
342 716 3
342 742 3
342 751 3
342 764 4
342 815 3
342 844 4
342 845 4
342 864 3
342 926 3
342 928 3
342 955 4
342 972 3
343 1 4
343 4 4
343 5 4
343 9 4
343 11 4
343 15 4
343 25 4
343 26 4
343 28 4
343 33 4
343 43 5
343 44 4
343 48 4
343 49 4
343 50 4
343 51 4
343 56 4
343 64 4
343 65 4
343 66 4
343 69 4
343 71 4
343 77 3
343 79 4
343 81 3
343 87 4
343 88 4
343 93 4
343 98 4
343 100 4
343 111 4
343 117 4
343 118 4
343 124 4
343 125 3
343 126 4
343 131 3
343 132 4
343 137 4
343 143 4
343 148 4
343 151 4
343 170 4
343 172 4
343 173 4
343 174 4
343 191 4
343 196 4
343 197 4
343 202 4
343 204 4
343 216 4
343 220 4
343 221 4
343 223 4
343 226 4
343 235 4
343 237 4
343 239 4
343 241 4
343 245 4
343 246 4
343 251 4
343 255 4
343 262 3
343 268 4
343 269 4
343 272 4
343 278 4
343 280 4
343 282 3
343 283 4
343 284 4
343 285 4
343 287 3
343 288 4
343 289 4
343 291 3
343 293 4
343 294 4
343 295 4
343 297 4
343 298 4
343 300 4
343 301 4
343 302 4
343 303 4
343 305 4
343 311 3
343 312 4
343 313 4
343 315 4
343 317 4
343 323 4
343 332 3
343 333 4
343 356 4
343 365 4
343 367 4
343 378 4
343 381 4
343 382 4
343 387 4
343 402 4
343 403 4
343 405 4
343 416 3
343 433 4
343 443 4
343 451 4
343 461 3
343 464 5
343 471 4
343 473 4
343 476 4
343 479 4
343 481 4
343 485 4
343 498 3
343 508 4
343 518 3
343 534 4
343 535 4
343 550 4
343 559 4
343 566 4
343 568 4
343 582 4
343 588 4
343 620 4
343 639 3
343 651 4
343 655 4
343 660 4
343 676 4
343 696 4
343 702 3
343 708 4
343 709 4
343 715 4
343 716 4
343 722 4
343 732 4
343 736 4
343 737 5
343 738 3
343 739 4
343 742 4
343 744 4
343 747 4
343 748 4
343 772 3
343 781 4
343 845 4
343 846 4
343 866 4
343 879 4
343 886 4
343 903 3
343 919 4
343 949 4
343 955 3
343 956 3
343 972 4
343 988 3
344 2 3
344 3 3
344 4 3
344 7 3
344 11 3
344 12 4
344 17 3
344 22 4
344 29 3
344 31 4
344 33 3
344 38 3
344 53 3
344 54 3
344 55 4
344 56 3
344 62 3
344 64 4
344 67 3
344 72 4
344 76 4
344 77 3
344 83 4
344 91 3
344 92 4
344 94 3
344 97 3
344 98 4
344 100 4
344 117 4
344 120 2
344 121 3
344 127 4
344 128 3
344 132 4
344 133 4
344 134 4
344 141 4
344 143 3
344 144 4
344 147 3
344 153 4
344 156 4
344 157 3
344 158 3
344 161 3
344 167 3
344 168 4
344 172 4
344 173 4
344 174 4
344 176 4
344 181 4
344 183 4
344 184 3
344 186 4
344 187 4
344 188 3
344 203 4
344 204 4
344 210 4
344 211 4
344 213 4
344 215 4
344 216 4
344 218 3
344 219 3
344 232 3
344 234 4
344 237 4
344 241 3
344 245 3
344 250 3
344 259 3
344 265 4
344 273 3
344 276 3
344 288 3
344 291 3
344 293 3
344 294 3
344 300 4
344 302 4
344 318 4
344 322 3
344 325 3
344 333 3
344 358 3
344 363 3
344 366 4
344 369 3
344 375 3
344 385 4
344 391 3
344 392 3
344 403 4
344 405 3
344 415 2
344 423 4
344 431 3
344 455 3
344 470 3
344 496 4
344 518 4
344 520 4
344 541 2
344 546 3
344 549 3
344 561 3
344 569 3
344 571 2
344 572 3
344 576 3
344 578 3
344 582 4
344 616 3
344 636 4
344 642 3
344 657 3
344 669 2
344 673 4
344 684 4
344 685 3
344 708 4
344 712 4
344 727 3
344 732 4
344 739 3
344 743 2
344 746 3
344 748 3
344 780 2
344 785 3
344 802 3
344 809 4
344 831 2
344 842 3
344 879 3
344 932 2
344 944 3
344 951 3
344 959 4
344 977 2
345 1 4
345 7 4
345 12 4
345 15 4
345 17 4
345 22 4
345 24 4
345 25 4
345 28 4
345 31 4
345 50 4
345 55 4
345 56 4
345 68 4
345 70 4
345 73 4
345 76 3
345 77 4
345 79 4
345 82 4
345 85 4
345 87 4
345 91 4
345 96 4
345 97 4
345 99 4
345 100 4
345 117 4
345 118 4
345 125 5
345 127 4
345 132 4
345 137 4
345 144 4
345 151 4
345 156 4
345 157 4
345 158 4
345 159 4
345 163 4
345 164 5
345 168 4
345 172 4
345 173 4
345 174 4
345 176 4
345 177 4
345 181 4
345 182 4
345 183 4
345 187 4
345 188 4
345 192 4
345 195 4
345 200 4
345 203 4
345 204 4
345 208 4
345 215 4
345 222 4
345 226 4
345 227 4
345 233 4
345 235 3
345 239 4
345 240 4
345 245 4
345 246 4
345 252 4
345 257 4
345 258 4
345 268 4
345 271 4
345 273 4
345 276 4
345 280 4
345 286 3
345 288 4
345 290 4
345 293 3
345 294 4
345 298 4
345 300 4
345 317 4
345 318 4
345 323 4
345 324 4
345 328 4
345 333 4
345 356 4
345 369 3
345 371 4
345 385 4
345 386 4
345 392 5
345 403 4
345 404 4
345 405 4
345 410 4
345 416 3
345 423 4
345 432 4
345 435 4
345 460 3
345 462 4
345 465 4
345 468 3
345 470 4
345 472 3
345 475 3
345 501 4
345 508 4
345 544 3
345 550 4
345 568 4
345 588 4
345 595 4
345 597 4
345 609 3
345 655 4
345 660 4
345 685 4
345 686 5
345 689 4
345 692 4
345 699 4
345 721 3
345 735 4
345 742 4
345 756 4
345 763 4
345 806 4
345 819 4
345 820 4
345 827 4
345 829 4
345 831 3
345 841 3
345 871 3
345 879 3
345 928 4
345 930 4
345 943 4
345 959 4
345 977 4
345 982 2
346 1 4
346 7 4
346 15 4
346 25 4
346 100 5
346 107 4
346 111 4
346 118 4
346 121 4
346 126 4
346 147 4
346 225 4
346 240 3
346 276 4
346 288 4
346 294 4
346 323 4
346 368 3
346 370 4
346 409 4
346 411 3
346 412 4
346 472 4
346 473 3
346 476 3
346 546 4
346 628 4
346 742 4
346 819 4
346 831 3
346 834 3
346 924 3
346 926 3
346 928 4
346 974 4
346 975 4
346 988 3
347 9 4
347 10 4
347 118 4
347 121 4
347 125 4
347 126 4
347 237 4
347 325 4
347 370 3
347 412 3
347 455 4
347 458 4
347 471 4
347 475 4
347 596 4
347 744 4
347 847 4
348 1 4
348 23 5
348 89 4
348 98 4
348 132 4
348 133 4
348 136 4
348 168 4
348 172 5
348 176 4
348 183 5
348 193 4
348 195 5
348 204 4
348 210 4
348 214 4
348 228 4
348 265 4
348 271 4
348 324 4
348 340 4
348 435 4
348 479 5
348 480 5
348 483 4
348 489 5
348 530 4
348 589 4
348 604 4
348 616 4
348 654 4
348 657 4
349 288 4
349 289 4
349 292 4
349 300 4
349 301 4
349 310 4
349 312 3
349 313 4
349 326 4
349 327 4
349 332 4
349 341 2
349 343 4
349 359 5
349 538 3
349 748 4
349 750 4
349 754 3
349 873 3
349 879 4
349 880 3
349 882 4
349 888 3
349 984 4
349 989 4
349 990 4
350 4 4
350 7 4
350 12 4
350 17 4
350 39 4
350 55 4
350 56 4
350 79 4
350 86 4
350 89 5
350 92 4
350 96 4
350 98 4
350 129 4
350 144 4
350 156 4
350 173 5
350 182 4
350 194 4
350 195 5
350 216 4
350 228 5
350 234 4
350 302 4
350 385 4
350 568 4
350 657 4
350 692 4
351 245 4
351 260 3
351 271 3
351 272 4
351 300 4
351 315 4
351 326 4
351 327 4
351 328 4
351 332 4
351 333 4
351 343 3
351 905 3
352 7 4
352 9 4
352 14 4
352 19 4
352 20 4
352 25 4
352 32 4
352 42 4
352 47 4
352 50 4
352 52 4
352 57 3
352 58 4
352 59 4
352 60 3
352 61 4
352 66 4
352 70 4
352 79 4
352 81 4
352 83 3
352 86 3
352 87 4
352 88 4
352 93 4
352 100 4
352 109 4
352 116 4
352 124 4
352 131 4
352 133 4
352 134 4
352 135 4
352 136 3
352 137 3
352 143 4
352 149 3
352 151 4
352 152 4
352 153 4
352 154 4
352 155 3
352 162 4
352 166 3
352 168 4
352 169 4
352 171 4
352 173 4
352 174 4
352 175 4
352 180 4
352 186 4
352 189 4
352 190 3
352 191 4
352 193 4
352 197 4
352 199 4
352 202 3
352 208 4
352 209 4
352 211 4
352 213 4
352 216 4
352 238 4
352 242 4
352 246 4
352 248 3
352 251 4
352 255 4
352 257 4
352 258 4
352 268 4
352 269 4
352 270 4
352 272 4
352 275 3
352 276 3
352 281 4
352 286 4
352 287 3
352 297 4
352 303 4
352 305 4
352 306 4
352 308 4
352 311 4
352 313 4
352 318 3
352 344 4
352 381 3
352 382 4
352 387 4
352 414 4
352 421 4
352 423 4
352 428 4
352 429 4
352 435 4
352 462 4
352 463 4
352 464 4
352 473 4
352 478 3
352 479 4
352 480 4
352 483 4
352 485 4
352 487 4
352 489 4
352 494 4
352 496 4
352 497 4
352 498 4
352 507 4
352 508 4
352 509 4
352 511 4
352 513 3
352 515 4
352 516 3
352 518 4
352 520 3
352 529 4
352 531 3
352 533 4
352 558 3
352 582 4
352 584 4
352 603 4
352 604 4
352 605 4
352 606 4
352 607 4
352 629 4
352 631 3
352 638 4
352 650 4
352 651 4
352 652 4
352 657 4
352 659 4
352 660 4
352 661 4
352 692 4
352 694 4
352 699 4
352 702 3
352 705 4
352 707 4
352 709 4
352 716 5
352 732 4
352 733 4
352 735 3
352 736 4
352 737 3
352 740 4
352 753 3
352 792 4
352 811 3
352 847 4
352 855 3
352 863 4
352 865 5
352 882 4
352 889 4
352 900 5
352 904 5
352 929 3
352 953 3
352 956 3
352 958 3
352 962 2
353 242 4
353 264 3
353 288 4
353 300 4
353 328 4
353 329 4
353 360 5
353 681 5
353 882 4
354 272 3
354 292 3
354 313 3
354 316 3
354 326 3
354 328 3
354 333 3
354 689 3
354 748 3
355 1 4
355 7 4
355 10 4
355 24 4
355 105 4
355 117 4
355 118 4
355 123 4
355 125 5
355 126 4
355 147 4
355 150 4
355 151 4
355 220 4
355 222 5
355 245 4
355 258 4
355 270 4
355 273 4
355 274 4
355 275 4
355 280 4
355 284 4
355 291 4
355 322 4
355 326 4
355 334 4
355 405 4
355 407 4
355 411 4
355 455 4
355 456 4
355 471 5
355 472 4
355 473 4
355 476 4
355 546 4
355 595 4
355 687 4
355 713 4
355 742 4
355 744 4
355 760 4
355 819 4
355 820 5
355 831 4
355 833 4
355 866 4
355 932 3
355 977 4
355 984 5
356 8 3
356 65 4
356 127 3
356 132 3
356 174 3
356 179 4
356 213 3
356 268 3
356 318 4
356 324 4
356 357 3
356 511 3
356 582 3
356 584 4
356 638 4
356 639 3
356 643 3
356 855 3
356 896 5
357 7 4
357 117 4
357 118 4
357 181 4
357 250 4
357 268 4
357 270 4
357 298 4
357 313 4
357 323 3
357 405 4
357 472 4
357 748 4
357 751 4
357 831 4
358 1 4
358 10 5
358 13 4
358 14 5
358 25 4
358 28 4
358 45 4
358 50 4
358 64 5
358 79 4
358 100 4
358 116 4
358 124 4
358 127 4
358 134 4
358 157 4
358 165 5
358 166 4
358 170 5
358 174 4
358 181 4
358 187 5
358 191 4
358 194 4
358 195 4
358 197 4
358 205 4
358 207 4
358 210 4
358 222 4
358 237 4
358 238 4
358 242 4
358 251 3
358 269 4
358 271 4
358 275 4
358 283 4
358 284 4
358 286 4
358 297 3
358 302 4
358 304 4
358 306 4
358 308 4
358 309 5
358 321 4
358 326 4
358 328 4
358 357 5
358 423 4
358 479 4
358 483 4
358 496 4
358 511 4
358 521 4
358 523 4
358 531 4
358 582 4
358 588 4
358 654 5
358 661 5
358 735 4
358 744 4
358 748 4
358 845 4
358 933 3
358 936 5
358 963 4
359 12 4
359 14 5
359 23 4
359 26 4
359 49 4
359 53 4
359 55 4
359 56 4
359 59 5
359 60 4
359 66 4
359 70 4
359 79 4
359 83 5
359 88 4
359 90 5
359 97 4
359 98 4
359 100 4
359 111 4
359 129 4
359 148 4
359 150 4
359 156 4
359 165 5
359 166 4
359 168 4
359 170 4
359 173 5
359 176 4
359 178 5
359 183 4
359 185 4
359 186 4
359 190 4
359 197 4
359 203 4
359 204 4
359 207 5
359 212 4
359 213 4
359 218 4
359 222 4
359 228 4
359 234 4
359 237 4
359 238 4
359 258 4
359 269 4
359 273 4
359 274 4
359 276 4
359 286 4
359 333 3
359 340 4
359 387 4
359 421 4
359 430 4
359 435 4
359 451 4
359 466 4
359 475 4
359 498 4
359 502 4
359 504 4
359 514 4
359 517 4
359 524 4
359 525 4
359 531 4
359 639 4
359 652 4
359 654 4
359 655 4
359 657 4
359 659 4
359 673 4
359 684 4
359 694 4
359 707 4
359 709 4
359 727 4
359 737 4
359 739 4
359 742 4
359 762 4
359 770 3
359 794 4
359 934 3
359 949 4
360 245 3
360 268 4
360 302 4
360 312 4
360 313 4
360 323 3
360 333 3
360 336 4
360 689 3
361 1 3
361 2 3
361 4 4
361 5 3
361 7 3
361 9 3
361 11 3
361 22 3
361 29 3
361 32 3
361 37 1
361 38 3
361 44 3
361 47 3
361 50 3
361 54 3
361 55 3
361 56 3
361 58 3
361 62 3
361 65 3
361 66 3
361 67 3
361 68 3
361 69 3
361 70 3
361 71 3
361 72 3
361 73 3
361 79 3
361 81 4
361 82 3
361 87 3
361 88 3
361 89 3
361 90 3
361 91 3
361 93 3
361 95 3
361 96 3
361 97 3
361 98 3
361 101 3
361 102 3
361 114 4
361 117 3
361 120 3
361 121 3
361 128 3
361 134 3
361 137 3
361 143 3
361 144 3
361 145 2
361 151 3
361 152 3
361 154 3
361 155 3
361 156 3
361 159 3
361 161 3
361 164 3
361 169 3
361 172 3
361 173 3
361 174 3
361 179 3
361 182 3
361 183 3
361 184 3
361 185 3
361 186 3
361 187 4
361 188 3
361 189 4
361 193 3
361 195 3
361 196 3
361 200 3
361 201 3
361 204 3
361 206 3
361 208 4
361 210 3
361 212 3
361 215 3
361 216 3
361 218 3
361 222 3
361 226 3
361 227 3
361 228 3
361 229 3
361 231 3
361 234 3
361 235 3
361 237 3
361 248 3
361 250 3
361 258 3
361 265 3
361 270 3
361 271 3
361 282 3
361 283 3
361 284 3
361 288 3
361 290 3
361 293 3
361 307 3
361 315 3
361 316 3
361 317 4
361 322 3
361 325 3
361 328 3
361 336 3
361 346 3
361 347 3
361 350 3
361 351 3
361 366 3
361 370 2
361 380 3
361 387 3
361 391 3
361 393 3
361 402 3
361 403 3
361 405 3
361 408 3
361 417 3
361 423 3
361 426 3
361 428 4
361 431 3
361 433 3
361 435 3
361 443 3
361 444 3
361 448 2
361 449 3
361 451 3
361 461 3
361 469 2
361 472 3
361 473 3
361 474 3
361 505 3
361 506 3
361 511 3
361 518 4
361 523 3
361 531 3
361 546 3
361 550 3
361 552 3
361 554 2
361 555 3
361 557 3
361 559 3
361 561 2
361 566 3
361 568 3
361 569 3
361 571 5
361 572 2
361 575 4
361 578 3
361 588 3
361 590 1
361 597 3
361 603 3
361 616 3
361 625 3
361 631 3
361 640 3
361 650 3
361 651 4
361 653 3
361 657 4
361 658 3
361 660 3
361 665 3
361 673 3
361 675 3
361 678 3
361 679 3
361 682 3
361 685 3
361 691 4
361 698 3
361 699 3
361 707 3
361 709 3
361 710 3
361 719 3
361 735 3
361 741 3
361 742 3
361 746 3
361 747 3
361 752 3
361 760 3
361 761 3
361 767 3
361 774 2
361 778 4
361 792 3
361 802 3
361 805 3
361 809 3
361 816 2
361 825 3
361 831 3
361 849 3
361 854 4
361 859 2
361 895 3
361 906 4
361 919 3
361 933 3
361 940 4
361 946 3
361 959 3
361 979 3
362 289 3
362 302 4
362 321 4
362 875 3
362 948 4
362 988 4
363 1 3
363 7 3
363 15 3
363 25 3
363 100 3
363 109 3
363 124 3
363 125 3
363 137 3
363 150 4
363 222 3
363 235 3
363 258 3
363 268 3
363 271 3
363 272 3
363 275 3
363 276 3
363 277 3
363 287 3
363 288 3
363 289 3
363 294 3
363 301 3
363 309 3
363 315 3
363 316 3
363 321 3
363 340 3
363 352 4
363 473 3
363 591 3
363 742 3
363 762 3
363 813 3
363 894 4
363 895 3
363 908 3
364 53 5
364 56 4
364 98 4
364 184 4
364 200 4
364 201 5
364 217 5
364 219 4
364 234 5
364 443 4
364 445 4
364 559 5
364 573 4
364 671 4
364 672 5
364 853 3
364 860 4
365 7 4
365 17 4
365 50 4
365 53 4
365 98 4
365 100 5
365 145 3
365 164 4
365 176 4
365 183 4
365 184 4
365 200 4
365 201 4
365 218 4
365 234 4
365 250 4
365 258 4
365 288 4
365 302 4
365 324 4
365 326 4
365 333 4
365 334 4
365 379 3
365 406 4
365 413 4
365 436 5
365 443 4
365 448 4
365 452 3
365 551 3
365 563 3
365 564 2
365 665 4
365 670 4
365 672 3
365 760 3
365 769 2
365 774 3
365 800 3
365 919 5
366 11 3
366 17 3
366 56 3
366 89 4
366 96 3
366 98 3
366 100 3
366 127 3
366 183 4
366 184 3
366 201 3
366 217 2
366 218 3
366 219 3
366 234 3
366 292 3
366 313 4
366 320 3
366 379 3
366 396 3
366 567 2
366 672 3
366 774 2
366 777 3
367 50 4
367 114 4
367 168 4
367 172 4
367 181 4
367 271 3
367 316 4
367 358 4
367 751 4
367 988 2
368 12 3
368 22 3
368 31 3
368 50 3
368 52 2
368 64 3
368 98 3
368 100 3
368 107 3
368 114 3
368 116 3
368 135 3
368 136 3
368 153 3
368 172 3
368 174 3
368 175 3
368 176 3
368 181 3
368 193 3
368 195 3
368 199 3
368 209 3
368 210 3
368 238 3
368 257 3
368 265 3
368 269 3
368 285 3
368 322 3
368 423 3
368 425 3
368 433 3
368 435 3
368 443 3
368 480 3
368 484 3
368 493 3
368 494 3
368 497 3
368 514 3
368 525 4
368 603 3
368 604 3
368 607 2
368 608 3
368 613 3
368 631 3
368 657 3
368 659 3
368 661 3
368 678 3
368 705 3
368 923 3
369 1 4
369 22 4
369 55 4
369 64 4
369 69 4
369 77 4
369 79 4
369 97 4
369 98 4
369 174 4
369 177 4
369 179 3
369 180 3
369 181 4
369 185 4
369 186 4
369 194 4
369 197 4
369 210 4
369 234 4
369 265 4
369 357 4
369 393 4
369 423 4
369 435 4
369 443 4
369 449 4
369 452 4
369 504 4
369 527 4
369 655 4
369 663 4
369 746 4
370 5 4
370 23 4
370 44 4
370 56 4
370 79 4
370 129 4
370 159 4
370 164 4
370 176 4
370 183 4
370 185 4
370 200 4
370 201 4
370 218 4
370 262 3
370 286 4
370 288 4
370 299 4
370 325 5
370 327 4
370 333 4
370 436 4
370 441 5
370 443 4
370 447 4
370 448 4
370 452 4
370 547 5
370 559 4
370 561 5
370 574 4
370 581 4
370 595 5
370 628 4
370 635 5
370 637 4
370 672 4
370 674 4
370 678 4
370 696 4
370 874 4
370 875 5
371 2 4
371 4 4
371 12 4
371 15 4
371 20 4
371 22 4
371 24 4
371 25 4
371 31 4
371 48 4
371 50 4
371 58 4
371 64 4
371 66 4
371 68 4
371 70 4
371 80 4
371 81 4
371 82 4
371 83 5
371 89 4
371 90 4
371 94 4
371 95 4
371 96 4
371 97 4
371 99 4
371 100 4
371 102 4
371 105 4
371 110 3
371 114 4
371 117 4
371 127 4
371 132 4
371 136 4
371 139 5
371 142 4
371 143 4
371 144 4
371 150 4
371 151 4
371 154 4
371 155 4
371 156 4
371 161 4
371 162 4
371 163 4
371 165 4
371 166 5
371 169 4
371 172 4
371 173 4
371 175 4
371 177 4
371 179 5
371 180 4
371 181 4
371 184 4
371 189 4
371 194 4
371 195 4
371 196 4
371 197 4
371 202 4
371 204 4
371 206 4
371 208 4
371 209 4
371 210 4
371 211 4
371 213 4
371 214 5
371 215 4
371 217 4
371 225 4
371 226 4
371 228 4
371 230 4
371 232 4
371 239 4
371 241 4
371 259 4
371 269 4
371 275 4
371 278 4
371 281 4
371 286 4
371 290 4
371 318 4
371 357 4
371 366 5
371 378 4
371 380 5
371 382 4
371 385 4
371 386 4
371 389 3
371 390 5
371 392 4
371 393 4
371 399 4
371 401 4
371 402 4
371 403 4
371 404 4
371 409 4
371 414 4
371 417 4
371 418 4
371 420 5
371 421 4
371 423 4
371 427 4
371 431 4
371 433 4
371 435 4
371 451 4
371 472 4
371 474 4
371 480 4
371 485 4
371 487 4
371 488 4
371 494 4
371 496 4
371 497 5
371 499 4
371 506 4
371 510 4
371 520 4
371 527 4
371 550 5
371 553 4
371 559 4
371 566 4
371 568 4
371 571 5
371 577 5
371 588 4
371 596 4
371 598 4
371 603 4
371 627 4
371 633 4
371 645 3
371 648 4
371 649 4
371 651 4
371 655 4
371 658 4
371 660 4
371 679 5
371 694 4
371 699 4
371 704 4
371 705 4
371 709 4
371 715 4
371 724 4
371 727 4
371 729 4
371 732 4
371 746 5
371 747 4
371 748 4
371 756 4
371 778 4
371 828 4
371 842 4
371 843 5
371 849 4
371 941 5
371 946 4
371 949 4
372 1 4
372 2 4
372 5 4
372 7 4
372 9 4
372 11 4
372 15 4
372 17 4
372 23 4
372 24 4
372 28 4
372 29 4
372 39 5
372 48 5
372 50 4
372 56 4
372 64 4
372 66 4
372 68 4
372 69 4
372 70 4
372 71 4
372 77 4
372 89 4
372 95 4
372 97 4
372 98 4
372 100 4
372 106 4
372 111 4
372 116 4
372 118 4
372 120 3
372 121 4
372 122 3
372 123 4
372 124 4
372 125 4
372 126 4
372 127 4
372 129 4
372 135 4
372 143 4
372 144 4
372 147 4
372 148 4
372 150 5
372 151 4
372 156 4
372 159 4
372 161 4
372 162 4
372 168 4
372 172 4
372 173 4
372 174 4
372 176 4
372 185 4
372 186 4
372 192 4
372 195 4
372 197 4
372 200 5
372 202 4
372 204 4
372 210 4
372 216 4
372 218 4
372 222 4
372 223 4
372 225 4
372 226 4
372 228 4
372 229 4
372 230 4
372 231 4
372 233 4
372 234 4
372 235 5
372 237 4
372 240 5
372 247 4
372 248 4
372 252 4
372 254 2
372 257 4
372 265 4
372 279 4
372 280 4
372 282 4
372 284 4
372 289 4
372 291 4
372 310 4
372 322 4
372 323 5
372 356 4
372 363 4
372 369 4
372 385 4
372 393 4
372 403 4
372 405 4
372 412 4
372 423 4
372 424 4
372 427 4
372 449 3
372 450 3
372 454 4
372 458 4
372 463 4
372 465 5
372 466 5
372 467 4
372 468 4
372 475 5
372 476 4
372 483 4
372 521 4
372 527 4
372 540 3
372 544 4
372 550 4
372 552 4
372 554 4
372 558 4
372 566 4
372 568 4
372 572 4
372 576 4
372 581 5
372 591 4
372 619 4
372 620 4
372 628 4
372 637 4
372 642 4
372 651 4
372 665 4
372 685 4
372 692 4
372 696 4
372 717 4
372 741 4
372 742 4
372 743 4
372 756 4
372 758 3
372 761 5
372 762 4
372 763 4
372 770 4
372 789 5
372 815 4
372 819 4
372 820 4
372 824 4
372 832 5
372 844 4
372 845 4
372 846 3
372 872 4
372 880 4
372 924 4
372 928 4
372 930 4
372 931 3
372 932 5
372 934 3
372 948 4
372 952 5
372 974 3
372 975 4
372 977 4
372 978 3
372 979 3
372 986 3
373 5 4
373 39 3
373 77 4
373 176 4
373 183 4
373 185 4
373 218 4
373 233 4
373 288 4
373 300 4
373 443 4
373 583 4
373 684 4
373 761 4
374 11 4
374 14 4
374 98 4
374 154 4
374 181 4
374 197 4
374 198 4
374 223 4
374 237 3
374 246 4
374 268 4
374 274 4
374 275 4
374 289 3
374 301 4
374 603 4
374 762 4
375 56 4
375 98 4
375 100 4
375 164 4
375 168 4
375 173 4
375 194 4
375 219 3
375 234 4
375 258 4
375 268 4
375 288 4
375 313 4
375 316 5
375 323 4
375 354 4
375 443 4
375 508 4
375 895 4
376 1 3
376 2 4
376 4 4
376 5 4
376 7 4
376 8 4
376 9 4
376 10 4
376 11 4
376 12 4
376 13 3
376 14 4
376 15 3
376 21 3
376 22 4
376 28 4
376 29 3
376 31 3
376 40 4
376 42 3
376 43 5
376 48 3
376 49 3
376 50 4
376 52 4
376 53 3
376 54 3
376 58 4
376 59 4
376 62 4
376 63 4
376 65 4
376 66 4
376 68 3
376 70 4
376 73 4
376 77 4
376 79 4
376 86 4
376 87 4
376 88 3
376 89 4
376 91 3
376 94 3
376 95 4
376 99 4
376 100 4
376 106 3
376 110 3
376 111 4
376 117 4
376 121 4
376 123 4
376 125 4
376 126 3
376 132 4
376 133 4
376 135 4
376 141 4
376 143 4
376 144 4
376 148 3
376 151 3
376 153 4
376 155 4
376 157 3
376 159 3
376 161 4
376 162 4
376 167 3
376 172 4
376 173 4
376 174 4
376 175 4
376 176 4
376 179 4
376 180 4
376 181 4
376 182 4
376 186 4
376 191 4
376 194 4
376 195 4
376 196 4
376 197 4
376 200 4
376 202 4
376 203 3
376 207 4
376 210 4
376 213 4
376 215 4
376 217 4
376 218 4
376 220 4
376 222 4
376 223 4
376 226 3
376 227 4
376 230 4
376 233 3
376 234 4
376 235 3
376 237 4
376 239 4
376 241 3
376 245 3
376 248 3
376 252 3
376 254 4
376 255 4
376 257 4
376 258 4
376 269 4
376 272 4
376 273 4
376 274 4
376 275 4
376 276 4
376 277 3
376 280 3
376 281 3
376 282 3
376 283 4
376 284 4
376 285 4
376 286 4
376 288 4
376 289 4
376 294 4
376 295 3
376 298 4
376 300 3
376 301 4
376 302 4
376 304 4
376 317 4
376 318 4
376 319 3
376 321 4
376 326 4
376 328 3
376 356 3
376 365 3
376 367 4
376 380 5
376 381 4
376 382 4
376 385 4
376 386 3
376 387 4
376 392 4
376 393 4
376 396 4
376 401 3
376 403 4
376 404 3
376 405 4
376 409 3
376 410 4
376 411 3
376 417 4
376 418 4
376 419 4
376 420 4
376 423 4
376 432 4
376 435 4
376 447 4
376 449 4
376 450 3
376 451 4
376 458 3
376 465 4
376 469 4
376 471 4
376 476 4
376 479 4
376 482 4
376 485 4
376 496 4
376 500 4
376 501 3
376 508 4
376 509 4
376 517 3
376 527 4
376 528 4
376 542 4
376 546 3
376 549 3
376 554 3
376 559 4
376 566 3
376 568 4
376 572 3
376 575 4
376 576 3
376 582 4
376 591 3
376 596 4
376 597 4
376 619 3
376 620 4
376 623 4
376 629 4
376 631 4
376 632 4
376 635 4
376 636 4
376 651 3
376 655 3
376 663 3
376 665 3
376 674 4
376 686 4
376 692 4
376 693 3
376 694 4
376 702 3
376 703 4
376 707 4
376 708 4
376 709 4
376 715 3
376 716 4
376 720 4
376 722 4
376 724 4
376 727 4
376 729 3
376 731 4
376 732 4
376 734 3
376 736 4
376 742 4
376 744 4
376 747 3
376 755 4
376 756 4
376 762 3
376 768 4
376 778 3
376 780 4
376 787 5
376 792 4
376 793 4
376 796 4
376 806 4
376 807 5
376 845 4
376 866 4
376 875 4
376 896 4
376 918 4
376 921 4
376 924 3
376 926 3
376 928 3
376 930 3
376 939 3
376 942 4
376 951 4
376 959 4
376 961 3
376 969 3
376 972 3
376 977 4
376 979 3
377 1 5
377 2 4
377 4 5
377 8 5
377 9 5
377 12 5
377 23 5
377 50 5
377 52 5
377 54 5
377 56 5
377 62 4
377 63 4
377 64 5
377 69 4
377 79 5
377 82 4
377 83 5
377 88 4
377 89 5
377 90 4
377 93 4
377 96 5
377 98 5
377 100 5
377 116 5
377 124 5
377 131 4
377 133 5
377 135 5
377 141 5
377 144 5
377 152 4
377 153 4
377 157 5
377 158 5
377 161 4
377 163 4
377 164 5
377 168 5
377 172 5
377 173 5
377 176 5
377 177 5
377 178 5
377 179 5
377 183 5
377 186 5
377 188 5
377 191 5
377 192 5
377 193 5
377 194 5
377 195 5
377 196 5
377 200 4
377 202 5
377 203 5
377 204 5
377 205 5
377 208 5
377 210 5
377 211 5
377 216 5
377 219 4
377 227 4
377 230 4
377 233 4
377 238 5
377 239 5
377 257 5
377 270 5
377 271 4
377 284 4
377 285 5
377 294 4
377 300 4
377 306 5
377 310 4
377 331 5
377 339 4
377 357 5
377 372 4
377 381 5
377 383 4
377 385 4
377 391 4
377 393 4
377 395 5
377 401 5
377 402 5
377 405 4
377 414 5
377 417 4
377 419 4
377 427 5
377 428 5
377 434 4
377 436 5
377 443 5
377 447 5
377 448 5
377 451 5
377 452 4
377 461 5
377 480 5
377 496 5
377 504 5
377 511 5
377 514 5
377 516 5
377 517 5
377 520 5
377 522 4
377 523 5
377 527 5
377 528 5
377 529 5
377 530 5
377 554 4
377 559 4
377 563 3
377 566 5
377 568 5
377 575 3
377 576 4
377 603 5
377 616 5
377 622 4
377 636 4
377 637 4
377 644 5
377 649 4
377 651 5
377 655 5
377 659 5
377 674 4
377 684 5
377 686 5
377 701 4
377 704 4
377 705 5
377 710 5
377 712 5
377 729 5
377 732 4
377 735 4
377 736 4
377 746 5
377 842 4
377 855 5
378 1 3
378 7 3
378 12 3
378 22 3
378 28 3
378 31 3
378 38 3
378 58 3
378 59 3
378 60 3
378 61 3
378 62 3
378 64 3
378 69 3
378 71 3
378 81 3
378 95 3
378 98 3
378 100 3
378 109 3
378 114 3
378 118 3
378 121 3
378 132 3
378 134 3
378 139 3
378 152 3
378 154 3
378 161 3
378 163 3
378 168 3
378 170 4
378 172 3
378 176 3
378 177 3
378 180 3
378 181 3
378 183 3
378 185 3
378 186 3
378 190 3
378 194 3
378 197 3
378 208 3
378 213 4
378 215 3
378 217 3
378 222 3
378 228 3
378 229 3
378 238 3
378 241 3
378 258 3
378 265 3
378 270 3
378 306 3
378 313 3
378 315 3
378 340 3
378 356 3
378 357 3
378 382 3
378 414 3
378 416 4
378 419 4
378 423 3
378 425 3
378 427 3
378 428 3
378 435 3
378 443 3
378 449 3
378 462 3
378 463 4
378 465 4
378 474 3
378 479 3
378 483 3
378 502 3
378 506 3
378 512 3
378 515 3
378 518 3
378 521 3
378 527 3
378 529 3
378 530 3
378 549 3
378 561 3
378 566 3
378 570 3
378 573 3
378 582 3
378 587 3
378 614 3
378 629 3
378 630 3
378 631 4
378 651 3
378 652 3
378 654 3
378 663 3
378 664 3
378 665 3
378 670 3
378 684 3
378 699 4
378 708 3
378 712 3
378 729 3
378 732 3
378 736 3
378 744 3
378 750 3
378 751 3
378 753 3
378 770 3
378 856 4
378 923 3
378 956 3
378 959 3
379 1 4
379 13 4
379 14 4
379 15 4
379 16 3
379 20 4
379 30 4
379 50 4
379 59 4
379 77 3
379 79 4
379 83 4
379 89 4
379 94 4
379 95 4
379 97 3
379 99 4
379 100 4
379 102 3
379 121 4
379 129 4
379 132 4
379 133 4
379 134 4
379 135 4
379 139 4
379 150 4
379 151 4
379 175 4
379 178 4
379 191 4
379 212 4
379 214 4
379 216 3
379 217 3
379 228 4
379 259 4
379 276 4
379 281 4
379 294 4
379 303 4
379 304 4
379 318 4
379 344 3
379 378 4
379 418 3
379 443 4
379 459 3
379 462 4
379 473 4
379 479 4
379 485 4
379 487 4
379 493 4
379 495 4
379 498 4
379 501 4
379 509 4
379 517 4
379 525 5
379 526 4
379 529 4
379 582 4
379 607 4
379 631 4
379 634 3
379 640 4
379 647 4
379 652 4
379 656 4
379 657 4
379 660 4
379 673 4
379 682 3
379 693 4
379 705 4
379 724 4
379 742 4
379 771 4
379 778 3
379 855 4
379 887 4
379 898 3
379 914 2
379 931 5
379 934 4
379 961 4
379 995 4
380 7 4
380 9 4
380 23 4
380 50 4
380 56 4
380 98 4
380 100 4
380 122 3
380 127 4
380 134 4
380 135 4
380 137 4
380 150 4
380 171 4
380 177 4
380 180 4
380 183 4
380 258 3
380 276 3
380 290 3
380 332 3
380 475 4
380 481 4
380 482 3
380 507 4
380 508 3
380 531 4
380 717 3
381 14 5
381 19 5
381 58 5
381 81 5
381 86 4
381 89 5
381 100 5
381 134 5
381 135 5
381 137 5
381 180 5
381 193 5
381 197 5
381 203 4
381 205 4
381 223 4
381 237 4
381 238 5
381 268 4
381 272 4
381 285 4
381 302 4
381 315 5
381 319 5
381 321 4
381 345 4
381 357 5
381 425 4
381 427 5
381 435 5
381 464 5
381 474 5
381 475 5
381 478 5
381 479 5
381 480 5
381 483 5
381 484 4
381 496 4
381 505 5
381 514 5
381 531 5
381 603 5
381 639 4
381 641 4
381 657 4
382 272 5
382 289 4
382 302 5
382 316 5
382 327 4
382 343 4
382 355 4
382 751 4
382 989 3
383 4 3
383 8 3
383 12 3
383 18 2
383 24 3
383 29 2
383 32 3
383 37 1
383 42 3
383 47 3
383 48 3
383 50 3
383 53 3
383 56 3
383 58 3
383 59 4
383 61 3
383 79 3
383 81 3
383 82 3
383 87 3
383 89 4
383 93 4
383 98 4
383 99 3
383 111 3
383 114 3
383 122 2
383 127 3
383 128 3
383 129 3
383 131 2
383 133 3
383 134 4
383 135 3
383 136 3
383 143 3
383 144 3
383 145 2
383 151 3
383 152 3
383 153 3
383 168 3
383 169 3
383 171 3
383 172 3
383 173 3
383 174 4
383 175 3
383 177 4
383 180 3
383 181 3
383 183 4
383 186 3
383 187 4
383 189 3
383 191 4
383 192 4
383 194 3
383 195 4
383 199 3
383 200 3
383 207 3
383 208 3
383 209 3
383 211 3
383 216 3
383 217 3
383 218 3
383 219 3
383 221 3
383 224 3
383 235 3
383 236 2
383 238 3
383 249 3
383 250 3
383 253 4
383 254 2
383 256 3
383 257 3
383 262 4
383 273 3
383 276 3
383 283 4
383 285 3
383 286 3
383 290 3
383 293 3
383 304 3
383 305 3
383 318 3
383 320 4
383 325 3
383 337 2
383 340 3
383 346 3
383 347 3
383 367 2
383 383 1
383 385 3
383 403 3
383 405 3
383 408 3
383 417 3
383 419 3
383 423 3
383 425 3
383 427 3
383 428 4
383 429 3
383 430 3
383 433 3
383 435 3
383 443 3
383 447 3
383 451 3
383 455 3
383 458 3
383 461 3
383 462 3
383 473 3
383 474 3
383 479 4
383 480 3
383 482 3
383 483 4
383 485 3
383 486 3
383 487 4
383 489 3
383 492 4
383 496 4
383 498 4
383 500 3
383 502 4
383 503 3
383 506 4
383 507 3
383 508 3
383 511 4
383 512 3
383 520 4
383 521 3
383 523 3
383 524 3
383 525 3
383 526 3
383 529 3
383 557 3
383 603 3
383 604 3
383 606 3
383 616 3
383 631 3
383 650 3
383 652 3
383 653 4
383 654 3
383 657 3
383 658 3
383 659 3
383 661 3
383 663 3
383 664 3
383 673 3
383 674 3
383 675 4
383 705 3
383 719 2
383 727 3
383 732 3
383 739 3
383 745 4
383 794 3
383 851 5
383 855 3
383 865 5
383 871 2
383 896 2
383 900 3
383 919 3
383 922 4
383 940 2
383 942 3
383 945 4
383 959 3
383 961 4
383 965 3
384 24 4
384 50 4
384 121 4
384 222 4
384 273 4
384 455 4
384 685 3
384 825 3
384 833 5
384 840 3
385 2 3
385 4 4
385 7 3
385 8 3
385 10 4
385 11 3
385 13 3
385 20 3
385 22 3
385 23 3
385 24 3
385 27 3
385 31 3
385 32 4
385 33 4
385 39 3
385 47 3
385 48 4
385 50 4
385 52 3
385 55 3
385 56 3
385 58 3
385 61 3
385 62 3
385 64 3
385 68 3
385 71 3
385 76 4
385 79 3
385 81 4
385 82 3
385 83 4
385 89 4
385 91 3
385 92 3
385 93 4
385 96 3
385 97 3
385 98 3
385 99 4
385 101 3
385 102 4
385 113 3
385 114 3
385 116 3
385 117 3
385 121 3
385 123 3
385 127 3
385 129 3
385 133 4
385 135 3
385 136 4
385 144 3
385 147 3
385 151 3
385 152 3
385 156 3
385 161 3
385 168 4
385 169 4
385 176 3
385 180 3
385 181 3
385 182 3
385 183 3
385 184 4
385 186 4
385 187 3
385 189 3
385 190 3
385 192 3
385 193 3
385 194 4
385 195 3
385 196 3
385 197 3
385 198 3
385 200 3
385 201 3
385 202 4
385 203 3
385 205 3
385 206 3
385 208 4
385 209 3
385 210 3
385 211 3
385 215 3
385 217 3
385 218 3
385 219 2
385 222 4
385 223 3
385 224 4
385 226 3
385 228 4
385 229 4
385 230 4
385 231 3
385 233 4
385 238 3
385 241 3
385 246 3
385 248 3
385 250 3
385 258 3
385 265 3
385 268 4
385 273 3
385 277 3
385 288 3
385 289 3
385 293 3
385 294 3
385 295 4
385 298 3
385 317 3
385 318 3
385 319 3
385 320 4
385 321 3
385 325 3
385 333 3
385 357 3
385 380 4
385 381 3
385 385 3
385 393 3
385 403 3
385 410 3
385 414 4
385 418 3
385 423 3
385 428 4
385 429 3
385 430 4
385 431 3
385 432 4
385 435 4
385 436 3
385 441 2
385 444 3
385 446 4
385 447 3
385 448 3
385 455 3
385 458 2
385 461 4
385 463 4
385 473 3
385 474 4
385 475 3
385 477 3
385 488 4
385 496 4
385 508 3
385 511 4
385 514 4
385 515 3
385 520 4
385 526 3
385 528 4
385 547 3
385 549 3
385 558 3
385 559 3
385 561 3
385 564 3
385 566 3
385 569 4
385 578 3
385 580 3
385 582 3
385 583 4
385 593 4
385 603 3
385 619 3
385 625 3
385 642 4
385 650 3
385 651 3
385 659 3
385 663 3
385 672 2
385 674 3
385 678 3
385 679 3
385 684 3
385 692 3
385 693 3
385 697 4
385 715 4
385 732 3
385 735 3
385 737 3
385 742 4
385 744 3
385 768 4
385 769 4
385 772 2
385 773 1
385 774 4
385 789 3
385 790 3
385 806 4
385 844 1
385 845 3
385 854 1
385 856 4
385 919 4
385 942 3
385 943 4
385 952 4
385 969 3
385 972 3
385 984 3
386 5 4
386 56 5
386 100 5
386 111 4
386 117 5
386 147 5
386 184 4
386 237 4
386 259 4
386 288 4
386 298 5
386 307 4
386 310 5
386 315 5
386 323 4
386 326 4
386 333 5
386 508 4
386 569 5
386 591 5
386 628 5
386 678 4
386 680 5
386 682 4
386 690 4
386 742 5
386 769 5
386 773 3
386 816 5
386 845 4
386 871 4
386 895 4
387 4 4
387 8 4
387 23 4
387 25 4
387 28 4
387 29 4
387 38 4
387 40 4
387 42 4
387 47 4
387 50 4
387 53 3
387 56 4
387 58 4
387 59 4
387 64 4
387 65 4
387 66 4
387 69 4
387 72 4
387 77 4
387 79 4
387 80 4
387 82 4
387 88 4
387 90 4
387 94 4
387 95 4
387 98 4
387 99 4
387 100 4
387 105 4
387 109 4
387 111 4
387 118 4
387 127 4
387 131 4
387 132 4
387 136 4
387 142 4
387 151 4
387 152 3
387 153 4
387 154 3
387 159 4
387 160 4
387 167 4
387 168 4
387 172 4
387 173 4
387 174 4
387 176 4
387 178 4
387 179 4
387 181 4
387 185 4
387 186 4
387 191 4
387 194 4
387 197 4
387 202 4
387 204 4
387 205 5
387 208 4
387 210 4
387 211 4
387 216 4
387 217 4
387 234 4
387 238 4
387 249 4
387 275 4
387 283 4
387 285 4
387 300 4
387 301 4
387 346 4
387 378 4
387 383 5
387 384 4
387 393 4
387 395 5
387 396 5
387 401 4
387 404 4
387 407 4
387 410 4
387 411 4
387 414 4
387 416 4
387 420 4
387 423 4
387 428 4
387 429 4
387 435 4
387 451 4
387 454 3
387 467 4
387 471 4
387 474 4
387 475 3
387 477 4
387 478 4
387 479 4
387 480 4
387 481 3
387 483 4
387 484 4
387 490 4
387 491 4
387 492 4
387 493 5
387 497 4
387 498 4
387 499 4
387 501 4
387 502 4
387 503 4
387 504 4
387 506 4
387 507 4
387 509 4
387 510 4
387 514 4
387 517 4
387 518 4
387 519 4
387 520 4
387 525 4
387 526 4
387 550 4
387 558 4
387 568 4
387 583 4
387 584 3
387 588 4
387 591 4
387 602 4
387 604 4
387 605 4
387 607 4
387 610 4
387 612 4
387 613 4
387 615 3
387 616 4
387 630 3
387 631 4
387 642 4
387 649 3
387 656 4
387 657 4
387 661 4
387 662 4
387 671 4
387 674 5
387 693 4
387 699 4
387 700 5
387 705 4
387 712 4
387 715 4
387 731 4
387 732 4
387 736 4
387 739 4
387 756 4
387 763 4
387 778 3
387 780 4
387 785 3
387 792 4
387 820 4
387 824 4
387 835 4
387 836 4
387 845 4
387 847 4
387 923 4
387 926 4
387 942 4
387 945 4
387 954 3
387 997 3
388 1 4
388 9 4
388 13 4
388 126 4
388 258 4
388 275 4
388 302 4
388 304 4
388 319 3
388 328 4
388 329 4
388 331 4
388 740 3
388 742 4
388 845 4
388 989 4
389 9 4
389 11 3
389 12 4
389 15 4
389 22 4
389 31 4
389 47 4
389 48 4
389 56 4
389 58 4
389 59 4
389 60 4
389 64 4
389 69 4
389 71 4
389 76 4
389 89 4
389 97 4
389 100 4
389 127 4
389 132 4
389 134 4
389 148 4
389 168 4
389 173 4
389 182 4
389 188 4
389 191 4
389 195 4
389 197 4
389 200 4
389 203 4
389 204 4
389 205 4
389 213 4
389 215 4
389 222 4
389 234 4
389 237 4
389 238 4
389 258 4
389 264 4
389 276 4
389 282 4
389 286 4
389 288 4
389 294 4
389 300 4
389 318 4
389 334 4
389 357 3
389 421 4
389 458 3
389 460 4
389 471 4
389 474 4
389 479 4
389 480 4
389 482 4
389 490 4
389 491 4
389 498 4
389 504 4
389 507 4
389 508 4
389 510 4
389 511 4
389 527 4
389 530 4
389 544 4
389 546 4
389 603 4
389 604 4
389 628 4
389 646 4
389 659 3
389 661 4
389 678 4
389 748 4
389 772 3
389 774 4
389 963 5
390 8 4
390 23 4
390 58 4
390 59 4
390 99 4
390 114 4
390 129 4
390 166 4
390 169 4
390 170 4
390 172 4
390 173 4
390 178 4
390 179 4
390 180 4
390 181 4
390 189 4
390 191 4
390 197 4
390 199 4
390 200 4
390 209 4
390 244 3
390 248 4
390 249 4
390 250 4
390 255 4
390 257 4
390 260 4
390 268 4
390 270 4
390 271 4
390 272 4
390 276 4
390 285 4
390 288 4
390 289 4
390 293 4
390 294 4
390 297 4
390 300 4
390 302 4
390 303 4
390 304 4
390 310 4
390 312 4
390 313 4
390 319 4
390 321 4
390 323 4
390 324 4
390 325 4
390 328 4
390 333 4
390 340 4
390 344 4
390 345 4
390 346 4
390 347 4
390 463 4
390 482 4
390 491 4
390 492 4
390 493 4
390 511 4
390 515 4
390 534 4
390 538 3
390 615 4
390 632 5
390 650 4
390 663 4
390 705 4
390 813 4
390 847 4
390 872 4
390 873 5
390 880 5
391 2 4
391 3 4
391 4 3
391 5 4
391 7 3
391 11 4
391 12 4
391 15 4
391 17 4
391 21 5
391 22 3
391 24 4
391 25 4
391 26 4
391 27 3
391 28 3
391 29 4
391 31 4
391 36 5
391 38 4
391 40 4
391 41 4
391 42 4
391 48 4
391 49 4
391 50 3
391 51 4
391 54 3
391 55 4
391 56 3
391 58 3
391 62 3
391 64 3
391 65 4
391 67 4
391 68 4
391 69 4
391 70 4
391 71 4
391 73 4
391 78 4
391 79 3
391 81 3
391 83 4
391 84 3
391 85 3
391 86 4
391 87 4
391 88 4
391 90 4
391 94 4
391 95 4
391 99 3
391 100 3
391 105 5
391 108 4
391 109 3
391 110 5
391 111 4
391 117 3
391 118 4
391 122 4
391 123 4
391 126 4
391 128 4
391 132 3
391 135 3
391 136 4
391 138 5
391 139 5
391 142 4
391 144 3
391 147 4
391 148 4
391 153 4
391 154 4
391 161 4
391 168 3
391 169 3
391 172 3
391 173 4
391 181 3
391 184 4
391 186 4
391 189 4
391 191 4
391 194 4
391 196 3
391 202 4
391 203 4
391 204 3
391 206 4
391 215 4
391 222 4
391 223 3
391 227 4
391 228 3
391 233 4
391 237 4
391 239 3
391 240 4
391 241 4
391 243 4
391 245 4
391 252 4
391 255 4
391 257 4
391 258 4
391 265 4
391 270 4
391 271 4
391 273 3
391 274 4
391 275 4
391 278 3
391 280 3
391 281 4
391 283 4
391 290 3
391 291 4
391 294 4
391 298 4
391 303 4
391 313 3
391 316 4
391 317 4
391 318 4
391 321 4
391 323 4
391 328 4
391 333 4
391 338 4
391 342 4
391 344 4
391 347 4
391 354 4
391 355 4
391 356 4
391 357 3
391 362 3
391 363 4
391 364 5
391 365 4
391 366 4
391 369 4
391 373 5
391 374 4
391 376 4
391 377 5
391 378 4
391 380 3
391 385 4
391 386 4
391 391 4
391 393 4
391 394 5
391 396 4
391 403 4
391 404 4
391 405 4
391 409 4
391 410 4
391 412 5
391 415 4
391 417 4
391 418 4
391 419 3
391 420 4
391 421 4
391 423 4
391 431 4
391 443 4
391 456 5
391 465 4
391 470 3
391 471 4
391 472 4
391 473 4
391 476 4
391 477 4
391 479 3
391 480 3
391 496 4
391 497 3
391 500 3
391 501 4
391 527 4
391 538 4
391 539 2
391 540 4
391 544 4
391 546 4
391 550 4
391 552 3
391 553 4
391 554 4
391 559 4
391 561 4
391 566 3
391 568 4
391 569 3
391 571 5
391 576 4
391 578 4
391 588 4
391 591 3
391 596 4
391 597 4
391 622 4
391 623 4
391 628 4
391 630 3
391 633 4
391 636 3
391 644 4
391 651 3
391 655 4
391 659 3
391 672 4
391 681 4
391 683 5
391 685 4
391 686 4
391 687 5
391 690 4
391 692 4
391 696 4
391 705 4
391 710 4
391 715 4
391 717 4
391 721 4
391 722 4
391 725 4
391 727 4
391 728 4
391 731 4
391 737 5
391 739 4
391 742 4
391 747 3
391 751 4
391 755 4
391 756 4
391 761 3
391 763 4
391 771 5
391 775 4
391 778 4
391 779 4
391 780 4
391 781 3
391 783 4
391 789 3
391 792 4
391 794 4
391 797 4
391 802 4
391 805 4
391 808 4
391 810 4
391 812 2
391 815 4
391 821 5
391 824 4
391 825 5
391 826 4
391 831 4
391 836 3
391 840 4
391 841 4
391 842 4
391 843 5
391 845 4
391 870 4
391 871 4
391 876 4
391 879 3
391 890 4
391 905 4
391 922 4
391 929 4
391 930 4
391 932 4
391 939 4
391 940 2
391 944 3
391 949 3
391 951 4
391 953 4
391 964 3
391 977 5
391 996 5
391 997 5
391 999 3
391 1000 4
392 1 5
392 7 5
392 28 5
392 31 5
392 38 4
392 39 4
392 42 4
392 56 5
392 63 4
392 68 5
392 72 5
392 73 5
392 79 5
392 84 5
392 88 5
392 96 5
392 97 5
392 98 5
392 101 4
392 117 5
392 121 4
392 128 4
392 132 5
392 144 5
392 154 5
392 156 5
392 158 5
392 161 4
392 164 5
392 172 5
392 174 5
392 179 5
392 181 5
392 184 4
392 195 5
392 208 5
392 210 5
392 216 5
392 217 4
392 218 5
392 222 5
392 226 4
392 227 4
392 229 4
392 230 5
392 232 4
392 233 5
392 238 5
392 250 5
392 257 5
392 265 5
392 282 5
392 288 5
392 313 5
392 364 5
392 383 4
392 385 5
392 386 4
392 411 4
392 416 5
392 419 4
392 423 5
392 433 4
392 449 4
392 450 3
392 455 4
392 496 5
392 508 4
392 540 3
392 541 5
392 550 4
392 552 5
392 554 4
392 559 4
392 561 4
392 568 5
392 576 4
392 578 5
392 597 4
392 655 5
392 658 5
392 665 4
392 679 4
392 746 5
392 763 4
392 771 4
392 773 5
392 780 4
392 797 4
392 802 4
392 979 4
393 1 4
393 50 5
393 64 4
393 89 4
393 97 4
393 98 4
393 100 4
393 121 4
393 151 4
393 154 4
393 174 5
393 186 4
393 196 4
393 210 4
393 216 4
393 237 4
393 252 4
393 255 4
393 257 4
393 273 4
393 313 4
393 315 4
393 328 4
393 342 4
393 343 4
393 423 4
393 458 4
393 472 4
393 632 4
393 739 4
393 892 3
393 924 3
394 1 3
394 9 3
394 25 3
394 100 4
394 106 4
394 117 4
394 121 4
394 125 4
394 222 4
394 237 3
394 245 4
394 260 4
394 274 3
394 291 4
394 300 4
394 322 4
394 328 4
394 329 4
394 333 3
394 405 4
394 455 4
394 471 3
394 591 4
394 619 4
394 678 4
394 717 4
394 751 4
394 840 3
394 930 4
394 977 4
394 986 4
395 7 4
395 8 4
395 23 4
395 56 4
395 95 4
395 100 4
395 108 4
395 109 4
395 117 4
395 127 4
395 134 4
395 135 4
395 156 4
395 171 4
395 172 5
395 174 4
395 177 4
395 178 4
395 181 5
395 183 4
395 192 4
395 194 4
395 197 4
395 210 4
395 221 3
395 223 4
395 261 2
395 268 4
395 286 4
395 288 4
395 302 4
395 313 4
395 318 4
395 322 3
395 324 3
395 325 4
395 327 4
395 334 3
395 338 3
395 340 4
395 345 4
395 346 4
395 390 5
395 423 4
395 457 2
395 475 4
395 479 4
395 483 4
395 498 4
395 513 4
395 588 4
395 615 5
395 641 4
395 657 4
395 680 3
395 705 4
395 748 3
395 751 4
395 853 5
395 855 4
395 878 3
395 894 2
395 896 4
395 988 3
395 989 4
395 991 4
396 4 4
396 12 4
396 13 4
396 15 4
396 25 4
396 28 4
396 31 4
396 47 3
396 49 4
396 50 4
396 56 4
396 58 4
396 63 3
396 64 4
396 65 4
396 66 4
396 69 4
396 70 4
396 72 4
396 73 4
396 82 4
396 85 4
396 88 4
396 94 4
396 95 4
396 117 4
396 124 4
396 125 3
396 126 4
396 127 4
396 144 4
396 152 4
396 154 4
396 159 3
396 162 4
396 163 3
396 167 4
396 168 4
396 172 4
396 173 4
396 174 4
396 178 4
396 181 4
396 182 4
396 183 4
396 186 4
396 191 4
396 194 4
396 196 4
396 197 4
396 199 4
396 202 4
396 203 4
396 204 4
396 205 4
396 211 4
396 216 4
396 227 4
396 228 4
396 229 4
396 230 4
396 234 4
396 235 4
396 239 4
396 274 4
396 276 4
396 284 3
396 357 4
396 385 4
396 393 4
396 399 4
396 403 4
396 414 4
396 417 3
396 423 4
396 429 4
396 430 4
396 432 4
396 435 4
396 474 4
396 476 3
396 479 4
396 480 4
396 481 3
396 485 3
396 491 4
396 493 4
396 494 4
396 495 4
396 496 3
396 497 4
396 498 4
396 501 4
396 502 4
396 504 4
396 510 4
396 514 4
396 519 4
396 520 4
396 521 4
396 525 4
396 588 4
396 589 3
396 591 4
396 602 4
396 648 4
396 654 4
396 663 3
396 692 4
396 700 2
396 710 4
396 715 3
396 732 4
396 735 4
396 737 3
396 756 3
396 796 4
396 953 3
396 969 3
396 991 3
396 993 4
397 2 3
397 5 3
397 8 3
397 9 3
397 15 3
397 22 3
397 26 3
397 31 3
397 33 3
397 38 3
397 41 3
397 42 3
397 48 3
397 53 4
397 55 3
397 56 3
397 57 2
397 58 3
397 62 3
397 63 4
397 66 3
397 67 4
397 68 4
397 69 3
397 71 3
397 72 3
397 73 3
397 77 3
397 79 3
397 80 4
397 84 4
397 91 3
397 94 4
397 95 3
397 97 3
397 98 3
397 99 3
397 102 4
397 110 4
397 114 2
397 117 3
397 118 4
397 121 3
397 127 3
397 128 4
397 132 3
397 140 4
397 143 4
397 144 3
397 147 3
397 148 4
397 153 3
397 154 3
397 155 4
397 156 3
397 157 3
397 161 3
397 164 3
397 172 3
397 173 3
397 174 2
397 175 3
397 179 3
397 180 3
397 181 3
397 186 3
397 187 3
397 188 3
397 195 3
397 196 3
397 203 3
397 204 3
397 210 3
397 214 3
397 215 3
397 219 4
397 223 2
397 226 3
397 227 3
397 228 3
397 229 4
397 230 3
397 231 4
397 233 3
397 234 3
397 237 3
397 238 3
397 239 3
397 241 3
397 264 4
397 265 3
397 268 3
397 273 3
397 274 3
397 276 3
397 282 3
397 284 3
397 288 3
397 289 4
397 291 4
397 295 3
397 301 3
397 307 3
397 318 3
397 323 4
397 332 4
397 338 4
397 340 4
397 364 5
397 372 3
397 378 3
397 382 3
397 383 4
397 384 4
397 385 3
397 386 3
397 388 5
397 389 4
397 393 3
397 399 3
397 400 1
397 401 4
397 402 3
397 403 3
397 405 4
397 407 4
397 412 4
397 413 4
397 418 3
397 420 3
397 423 3
397 431 3
397 432 3
397 436 3
397 444 2
397 450 4
397 451 3
397 452 4
397 454 5
397 455 3
397 459 3
397 470 3
397 471 3
397 475 3
397 486 3
397 496 3
397 501 3
397 506 3
397 508 3
397 527 3
397 531 3
397 542 4
397 543 4
397 544 3
397 546 4
397 549 3
397 550 3
397 551 5
397 554 4
397 559 4
397 564 4
397 566 3
397 568 3
397 575 4
397 576 4
397 578 4
397 582 3
397 587 3
397 588 3
397 591 3
397 597 4
397 616 3
397 622 3
397 628 3
397 633 3
397 651 3
397 655 3
397 673 3
397 679 3
397 684 3
397 693 3
397 697 3
397 710 3
397 720 3
397 722 3
397 727 3
397 732 3
397 735 3
397 738 4
397 742 3
397 744 3
397 747 3
397 754 2
397 755 4
397 760 4
397 763 4
397 768 3
397 769 4
397 772 4
397 774 4
397 779 3
397 781 3
397 806 3
397 809 3
397 813 3
397 817 4
397 824 3
397 825 4
397 826 4
397 845 4
397 924 4
397 926 4
397 928 4
397 941 5
397 946 4
397 959 3
397 969 4
397 975 4
397 977 4
397 986 4
398 258 4
398 286 4
398 288 3
398 294 4
398 300 4
398 304 4
398 332 4
398 689 3
398 690 3
399 9 3
399 11 3
399 13 3
399 14 3
399 25 3
399 26 3
399 44 2
399 50 3
399 64 3
399 65 3
399 69 3
399 70 3
399 71 3
399 83 3
399 97 3
399 100 3
399 117 3
399 127 3
399 133 3
399 135 3
399 143 3
399 144 2
399 147 3
399 151 2
399 153 2
399 154 2
399 157 3
399 161 3
399 162 3
399 172 3
399 173 3
399 174 3
399 181 3
399 194 3
399 196 3
399 197 3
399 198 3
399 199 2
399 202 3
399 204 3
399 210 3
399 225 3
399 248 3
399 257 3
399 272 3
399 273 2
399 275 3
399 276 3
399 280 3
399 282 3
399 294 3
399 302 3
399 312 3
399 315 3
399 316 3
399 321 3
399 322 3
399 328 3
399 342 4
399 356 3
399 357 3
399 365 3
399 371 3
399 385 3
399 404 3
399 430 2
399 435 3
399 451 3
399 462 3
399 471 3
399 473 2
399 477 2
399 478 3
399 481 3
399 483 3
399 485 2
399 486 2
399 493 3
399 499 3
399 501 3
399 507 3
399 508 3
399 509 3
399 511 3
399 515 3
399 519 3
399 520 3
399 527 3
399 528 3
399 535 3
399 553 3
399 566 3
399 582 3
399 588 2
399 603 3
399 604 3
399 609 3
399 630 2
399 632 3
399 638 2
399 651 3
399 654 3
399 655 3
399 659 3
399 661 3
399 684 3
399 707 3
399 724 3
399 735 3
399 748 2
399 762 3
399 815 2
399 866 3
399 892 3
400 7 4
400 9 4
400 10 5
400 12 4
400 13 4
400 16 4
400 19 4
400 25 4
400 42 4
400 50 4
400 111 4
400 116 4
400 117 4
400 124 4
400 126 4
400 127 4
400 135 4
400 151 4
400 182 4
400 204 5
400 235 4
400 237 4
400 245 4
400 255 4
400 257 4
400 273 4
400 276 4
400 286 4
400 455 5
400 471 4
400 475 4
400 476 4
400 479 4
400 480 5
400 483 4
400 511 4
400 515 5
400 529 4
400 628 4
400 696 4
400 864 4
