201 1 4
201 111 5
201 268 4
201 283 4
201 291 5
201 305 5
201 331 5
201 740 5
202 259 3
202 292 4
202 682 3
202 872 4
202 877 3
202 880 4
202 887 4
202 895 4
202 948 4
203 7 4
203 9 4
203 100 4
203 106 4
203 111 4
203 117 3
203 118 3
203 121 3
203 123 3
203 129 4
203 148 3
203 181 4
203 222 3
203 235 3
203 274 3
203 276 3
203 284 3
203 291 3
203 370 3
203 410 3
203 471 3
203 472 3
203 515 4
203 546 3
203 597 3
203 685 3
203 748 3
203 845 3
203 864 3
203 866 3
203 925 3
203 928 3
204 22 4
204 66 4
204 243 4
204 245 4
204 258 4
204 259 4
204 269 4
204 270 4
204 289 4
204 300 4
204 307 4
204 310 4
204 313 4
204 323 4
204 327 4
204 331 4
204 333 4
204 342 4
204 343 4
204 348 4
204 678 4
204 683 4
204 687 4
204 689 4
204 690 4
204 748 4
204 754 4
204 879 4
204 892 4
204 901 4
205 2 2
205 5 2
205 8 3
205 11 2
205 12 2
205 22 3
205 23 2
205 28 2
205 29 2
205 30 2
205 31 3
205 32 2
205 33 2
205 37 2
205 38 2
205 39 2
205 40 2
205 41 2
205 42 2
205 43 1
205 45 2
205 47 2
205 48 2
205 49 2
205 50 2
205 51 2
205 52 2
205 53 1
205 55 3
205 56 2
205 57 2
205 58 2
205 60 2
205 61 2
205 62 2
205 63 2
205 64 3
205 66 2
205 67 2
205 68 2
205 70 2
205 71 2
205 72 2
205 73 3
205 75 2
205 76 2
205 77 2
205 78 1
205 80 2
205 81 2
205 82 2
205 83 3
205 85 3
205 87 3
205 88 2
205 90 2
205 91 2
205 92 3
205 94 2
205 96 2
205 97 2
205 98 2
205 101 2
205 102 2
205 127 2
205 132 2
205 135 2
205 139 3
205 141 3
205 142 2
205 149 1
205 161 2
205 168 2
205 169 2
205 172 2
205 173 2
205 175 2
205 178 2
205 179 2
205 180 2
205 183 2
205 184 2
205 185 2
205 186 2
205 188 2
205 189 2
205 190 2
205 191 2
205 192 3
205 193 2
205 195 2
205 197 2
205 198 2
205 199 3
205 200 2
205 202 3
205 204 3
205 206 2
205 207 3
205 208 2
205 210 2
205 211 2
205 212 2
205 214 2
205 215 2
205 216 2
205 217 2
205 218 2
205 219 2
205 226 3
205 227 2
205 228 3
205 229 2
205 230 2
205 231 2
205 232 2
205 233 3
205 234 2
205 238 2
205 239 2
205 265 3
205 288 2
205 302 3
205 308 2
205 317 3
205 318 3
205 347 3
205 350 2
205 351 1
205 356 3
205 361 2
205 364 2
205 365 2
205 366 3
205 367 2
205 371 2
205 374 2
205 376 2
205 377 1
205 379 2
205 383 2
205 384 1
205 386 1
205 387 2
205 388 1
205 391 2
205 393 2
205 395 2
205 396 2
205 397 1
205 399 2
205 400 4
205 402 2
205 403 2
205 404 3
205 414 3
205 415 1
205 416 2
205 417 2
205 419 2
205 420 3
205 421 2
205 422 2
205 423 3
205 426 2
205 427 2
205 430 2
205 431 2
205 433 2
205 434 2
205 437 2
205 438 3
205 439 2
205 440 2
205 441 1
205 442 1
205 444 3
205 446 2
205 447 2
205 448 2
205 449 2
205 450 1
205 451 2
205 452 2
205 453 2
205 461 2
205 462 3
205 463 3
205 464 3
205 465 2
205 467 3
205 469 2
205 470 2
205 480 2
205 482 2
205 501 2
205 504 2
205 509 2
205 510 2
205 511 2
205 514 2
205 515 2
205 516 2
205 517 2
205 518 2
205 519 2
205 520 3
205 521 2
205 522 2
205 523 2
205 524 3
205 525 2
205 526 3
205 527 3
205 528 2
205 529 3
205 530 3
205 536 2
205 537 2
205 540 2
205 541 1
205 543 1
205 545 1
205 548 2
205 549 2
205 551 1
205 552 3
205 553 2
205 555 2
205 556 1
205 557 2
205 558 1
205 559 2
205 560 1
205 561 2
205 562 2
205 563 1
205 564 2
205 565 1
205 566 2
205 567 1
205 568 2
205 569 1
205 570 2
205 573 3
205 574 1
205 575 1
205 577 2
205 578 2
205 579 2
205 580 2
205 581 3
205 583 2
205 584 2
205 585 3
205 586 2
205 588 3
205 592 2
205 593 2
205 603 2
205 606 2
205 622 2
205 623 2
205 624 3
205 625 2
205 626 3
205 627 3
205 639 2
205 642 2
205 643 2
205 644 2
205 645 2
205 647 2
205 648 2
205 649 2
205 650 2
205 651 3
205 652 2
205 653 2
205 654 2
205 655 2
205 656 2
205 659 2
205 661 3
205 662 3
205 664 3
205 666 2
205 667 2
205 669 2
205 670 2
205 671 1
205 673 3
205 674 2
205 675 2
205 679 2
205 684 3
205 692 2
205 693 2
205 694 2
205 695 3
205 697 3
205 699 2
205 700 1
205 702 2
205 707 2
205 708 2
205 710 2
205 712 2
205 714 2
205 715 2
205 716 2
205 719 3
205 720 2
205 721 1
205 722 2
205 723 1
205 726 2
205 727 2
205 728 2
205 729 2
205 731 2
205 732 2
205 734 2
205 736 3
205 739 2
205 745 1
205 746 2
205 747 2
205 753 2
205 755 2
205 759 1
205 761 2
205 765 2
205 768 2
205 769 2
205 770 2
205 771 1
205 772 2
205 773 1
205 774 2
205 775 2
205 776 1
205 777 2
205 778 2
205 779 2
205 780 2
205 782 1
205 783 2
205 784 1
205 785 2
205 786 2
205 787 2
205 788 1
205 789 3
205 790 2
205 791 2
205 793 2
205 794 3
205 795 1
205 796 2
205 798 1
205 802 2
205 807 1
205 808 2
205 810 2
205 812 1
205 816 3
205 842 2
205 843 4
205 849 2
205 851 4
205 853 1
205 854 1
205 855 2
205 858 1
205 859 2
205 860 1
205 861 2
205 904 1
205 921 2
205 939 3
205 941 1
205 943 2
205 944 2
205 946 2
205 947 3
205 949 2
205 951 2
205 953 1
205 955 2
205 956 4
205 957 1
205 959 3
205 960 2
205 964 2
205 969 2
205 971 2
205 994 3
205 996 1
205 997 1
205 999 3
206 1 3
206 3 3
206 4 3
206 5 3
206 7 3
206 8 3
206 10 3
206 11 3
206 12 3
206 13 2
206 14 3
206 15 3
206 20 2
206 22 3
206 24 2
206 25 3
206 28 3
206 30 3
206 32 3
206 39 2
206 40 2
206 42 3
206 47 3
206 48 2
206 50 3
206 52 3
206 58 3
206 63 3
206 64 3
206 69 3
206 71 3
206 72 2
206 79 3
206 85 2
206 86 3
206 87 3
206 89 2
206 92 3
206 93 3
206 96 3
206 99 3
206 115 2
206 117 2
206 121 3
206 123 3
206 125 3
206 127 2
206 129 2
206 131 3
206 132 3
206 133 3
206 134 3
206 135 3
206 136 3
206 143 3
206 148 2
206 151 2
206 152 2
206 153 3
206 156 3
206 158 2
206 164 3
206 168 3
206 170 3
206 172 3
206 173 3
206 174 3
206 175 2
206 179 3
206 181 2
206 182 2
206 183 2
206 186 3
206 187 2
206 188 3
206 190 3
206 191 3
206 194 2
206 195 2
206 196 3
206 198 3
206 199 2
206 202 2
206 203 2
206 204 2
206 206 3
206 209 3
206 211 3
206 212 2
206 213 3
206 215 2
206 218 3
206 219 3
206 220 2
206 222 3
206 228 3
206 234 3
206 235 2
206 237 3
206 238 3
206 239 3
206 240 2
206 274 3
206 275 3
206 276 3
206 277 2
206 284 2
206 289 3
206 317 3
206 318 3
206 357 3
206 368 1
206 381 3
206 396 2
206 404 3
206 405 2
206 410 3
206 411 3
206 414 2
206 418 3
206 419 3
206 420 3
206 421 2
206 427 3
206 428 3
206 429 3
206 430 2
206 431 3
206 434 2
206 435 3
206 436 3
206 443 3
206 447 3
206 451 3
206 452 3
206 453 2
206 461 3
206 463 3
206 468 2
206 469 2
206 474 3
206 476 2
206 479 3
206 480 3
206 481 3
206 482 3
206 485 3
206 487 3
206 488 3
206 490 3
206 496 3
206 498 3
206 499 3
206 501 3
206 503 2
206 504 3
206 505 3
206 507 3
206 508 3
206 509 3
206 511 2
206 514 3
206 515 3
206 517 2
206 519 3
206 520 3
206 523 3
206 524 3
206 526 3
206 527 3
206 528 3
206 529 3
206 543 2
206 559 2
206 561 2
206 573 3
206 582 3
206 588 3
206 589 4
206 591 3
206 596 3
206 605 3
206 606 3
206 607 2
206 608 2
206 610 3
206 611 3
206 612 2
206 624 2
206 632 3
206 633 3
206 634 4
206 638 3
206 639 3
206 640 3
206 641 3
206 642 2
206 645 2
206 647 3
206 651 3
206 652 2
206 655 3
206 662 3
206 663 2
206 664 2
206 665 3
206 672 2
206 675 2
206 692 3
206 693 2
206 699 3
206 701 2
206 705 3
206 712 2
206 713 3
206 715 3
206 727 3
206 732 2
206 735 3
206 737 2
206 745 2
206 746 2
206 747 3
206 756 3
206 772 3
206 787 3
206 813 3
206 823 3
206 825 3
206 826 1
206 831 2
206 845 3
206 919 3
206 921 4
206 923 4
206 942 3
206 960 2
206 962 1
207 1 4
207 2 4
207 4 4
207 8 4
207 25 4
207 28 4
207 29 4
207 40 4
207 45 4
207 50 4
207 56 4
207 62 4
207 68 4
207 69 4
207 70 4
207 82 4
207 88 4
207 89 4
207 91 4
207 96 4
207 97 4
207 98 4
207 99 4
207 100 4
207 117 4
207 118 4
207 123 4
207 127 4
207 132 4
207 135 4
207 143 4
207 144 4
207 147 4
207 157 4
207 158 4
207 159 4
207 161 4
207 163 4
207 172 4
207 173 4
207 174 4
207 177 4
207 179 4
207 180 4
207 181 4
207 182 4
207 183 4
207 185 4
207 186 4
207 188 4
207 193 4
207 194 4
207 196 4
207 197 4
207 200 4
207 201 4
207 202 4
207 203 4
207 205 4
207 208 4
207 209 4
207 211 4
207 214 4
207 215 4
207 216 4
207 217 4
207 218 4
207 222 4
207 223 4
207 226 4
207 227 4
207 228 4
207 229 4
207 230 4
207 231 4
207 232 4
207 235 4
207 238 4
207 239 4
207 244 4
207 248 4
207 249 4
207 250 4
207 255 4
207 257 4
207 265 4
207 269 4
207 274 4
207 286 4
207 289 4
207 290 4
207 291 4
207 313 4
207 316 4
207 345 4
207 357 4
207 371 4
207 382 4
207 385 4
207 393 4
207 399 4
207 400 4
207 405 4
207 416 4
207 418 4
207 423 4
207 427 4
207 428 4
207 432 4
207 433 4
207 436 4
207 447 4
207 448 4
207 449 4
207 455 4
207 466 4
207 476 4
207 478 4
207 479 4
207 483 4
207 484 4
207 493 4
207 496 4
207 502 4
207 508 4
207 510 4
207 514 4
207 519 4
207 521 4
207 525 4
207 559 4
207 561 4
207 565 4
207 588 4
207 603 4
207 616 4
207 629 4
207 635 4
207 642 4
207 648 4
207 656 4
207 657 4
207 660 4
207 675 4
207 684 4
207 705 4
207 710 4
207 712 4
207 715 4
207 729 4
207 732 4
207 746 4
207 755 4
207 756 4
207 785 4
207 844 4
207 859 4
207 869 4
207 879 4
207 949 4
207 969 4
207 972 4
207 993 4
208 270 4
208 271 4
208 286 4
208 294 4
208 300 4
208 313 4
208 315 4
208 319 4
208 328 4
208 347 4
208 358 4
208 539 4
208 683 4
208 689 4
208 748 4
209 6 5
209 8 4
209 9 4
209 12 4
209 14 4
209 22 4
209 23 4
209 28 4
209 30 5
209 48 4
209 50 4
209 58 4
209 59 5
209 60 5
209 65 5
209 87 4
209 97 4
209 98 4
209 99 4
209 100 4
209 133 4
209 135 4
209 153 4
209 154 4
209 156 5
209 162 4
209 166 4
209 168 4
209 170 4
209 172 5
209 173 5
209 174 4
209 175 4
209 179 4
209 181 4
209 186 4
209 191 4
209 192 4
209 195 4
209 197 4
209 199 4
209 200 4
209 201 4
209 202 4
209 203 4
209 204 4
209 205 4
209 207 4
209 209 4
209 210 4
209 213 4
209 214 4
209 216 4
209 223 4
209 264 4
209 266 4
209 270 4
209 275 4
209 276 4
209 283 4
209 285 4
209 286 4
209 288 4
209 300 4
209 303 4
209 318 4
209 321 4
209 322 4
209 325 4
209 327 5
209 339 4
209 343 5
209 357 4
209 367 4
209 381 4
209 382 5
209 404 4
209 427 4
209 428 4
209 429 4
209 430 4
209 433 5
209 435 4
209 461 4
209 478 4
209 479 4
209 480 4
209 481 3
209 482 4
209 483 4
209 485 4
209 486 5
209 489 5
209 491 5
209 493 4
209 496 4
209 497 5
209 498 4
209 504 4
209 505 4
209 514 4
209 516 4
209 518 4
209 520 4
209 523 4
209 526 4
209 527 4
209 528 4
209 530 4
209 604 4
209 606 4
209 607 5
209 608 5
209 609 4
209 615 4
209 618 4
209 631 4
209 633 4
209 647 4
209 654 4
209 659 4
209 661 4
209 664 5
209 676 3
209 680 5
209 684 4
209 708 4
209 709 4
209 714 4
209 733 5
209 749 4
209 855 4
209 877 3
209 879 5
209 937 4
209 945 4
209 965 5
209 995 4
210 258 2
210 269 2
210 286 3
210 289 2
210 300 2
210 311 1
210 312 3
210 313 3
210 315 2
210 316 2
210 323 2
210 328 2
210 340 2
210 354 3
210 690 2
210 754 2
210 873 2
210 898 1
210 905 2
211 1 4
211 4 4
211 9 4
211 22 4
211 38 4
211 56 4
211 73 4
211 88 4
211 117 4
211 161 4
211 168 4
211 172 4
211 181 4
211 186 4
211 195 4
211 196 4
211 208 4
211 209 4
211 210 4
211 222 4
211 227 3
211 228 4
211 229 3
211 230 4
211 258 4
211 265 4
211 276 3
211 318 4
211 405 3
211 435 4
211 449 3
211 451 3
211 485 3
211 527 4
211 566 4
211 568 4
211 651 4
211 655 4
211 709 4
211 720 3
211 732 4
211 770 3
212 4 4
212 7 4
212 23 4
212 24 4
212 28 4
212 56 4
212 64 4
212 70 4
212 81 4
212 92 4
212 96 4
212 150 4
212 154 4
212 172 4
212 173 4
212 175 4
212 182 4
212 186 4
212 193 4
212 206 4
212 211 4
212 218 4
212 276 4
212 288 4
212 318 4
212 340 4
212 408 4
212 427 4
212 436 5
212 480 4
212 487 4
212 508 4
212 526 4
212 634 4
212 651 4
212 684 4
212 724 4
213 7 4
213 9 4
213 15 3
213 50 4
213 124 4
213 181 4
213 222 4
213 236 3
213 245 3
213 255 4
213 257 4
213 258 4
213 260 3
213 269 4
213 271 3
213 275 4
213 286 4
213 297 4
213 300 3
213 301 3
213 302 4
213 303 4
213 306 4
213 326 3
213 328 3
213 332 4
213 471 4
213 508 3
213 628 4
213 690 4
213 877 3
213 936 5
214 100 5
214 258 4
214 260 5
214 294 4
214 300 4
214 301 4
214 302 5
214 325 3
214 340 4
214 343 4
214 678 4
214 748 4
215 56 4
215 185 4
215 195 4
215 243 5
215 269 4
215 322 4
215 323 4
215 328 4
215 432 4
215 531 5
215 748 4
215 754 5
216 1 4
216 2 4
216 7 4
216 8 4
216 9 4
216 10 3
216 11 4
216 12 4
216 13 4
216 14 4
216 21 4
216 22 4
216 24 4
216 25 4
216 27 5
216 28 4
216 29 4
216 31 4
216 32 4
216 36 3
216 38 4
216 41 5
216 42 4
216 43 4
216 44 4
216 49 4
216 50 4
216 51 4
216 53 4
216 54 4
216 55 4
216 56 4
216 58 4
216 64 4
216 65 4
216 66 4
216 67 4
216 69 4
216 70 4
216 71 4
216 73 4
216 77 4
216 81 4
216 82 4
216 83 4
216 85 4
216 86 4
216 87 4
216 88 4
216 90 3
216 92 4
216 93 4
216 94 4
216 97 4
216 98 4
216 99 4
216 105 3
216 106 3
216 107 4
216 117 4
216 121 4
216 123 4
216 125 4
216 126 3
216 127 4
216 132 4
216 133 4
216 134 4
216 136 4
216 137 4
216 140 4
216 142 5
216 143 4
216 144 4
216 148 4
216 154 4
216 155 4
216 156 4
216 157 4
216 158 4
216 159 4
216 161 4
216 168 4
216 172 4
216 174 4
216 176 4
216 178 4
216 181 4
216 182 4
216 183 4
216 185 4
216 187 4
216 191 4
216 194 4
216 195 4
216 196 4
216 197 3
216 199 4
216 200 4
216 202 4
216 203 4
216 204 4
216 209 4
216 210 4
216 211 4
216 213 4
216 215 4
216 216 4
216 217 4
216 219 5
216 220 3
216 225 4
216 226 4
216 230 4
216 234 4
216 237 4
216 238 4
216 239 4
216 240 4
216 241 4
216 242 4
216 245 4
216 246 4
216 248 4
216 249 4
216 250 4
216 251 3
216 252 4
216 253 4
216 254 3
216 257 4
216 258 4
216 259 4
216 264 3
216 266 4
216 268 4
216 272 4
216 274 4
216 275 4
216 276 4
216 277 4
216 281 4
216 283 4
216 284 4
216 285 4
216 286 4
216 287 4
216 288 4
216 289 4
216 294 4
216 295 4
216 297 3
216 298 4
216 301 4
216 304 4
216 307 4
216 312 4
216 313 4
216 315 4
216 316 4
216 317 4
216 318 4
216 319 4
216 322 4
216 323 4
216 326 4
216 327 5
216 328 4
216 329 4
216 331 4
216 332 4
216 333 4
216 338 4
216 339 4
216 346 5
216 347 4
216 348 4
216 354 4
216 356 5
216 357 4
216 364 4
216 366 4
216 367 4
216 369 5
216 375 4
216 378 4
216 385 4
216 388 5
216 393 4
216 395 4
216 396 4
216 399 4
216 401 4
216 402 4
216 403 4
216 404 4
216 405 4
216 411 4
216 412 4
216 417 4
216 418 4
216 419 4
216 423 4
216 425 4
216 427 4
216 431 4
216 432 3
216 433 4
216 443 4
216 448 5
216 451 4
216 452 4
216 462 4
216 463 4
216 468 4
216 469 5
216 471 4
216 472 4
216 473 4
216 475 4
216 476 4
216 479 4
216 480 4
216 496 4
216 498 4
216 500 4
216 501 4
216 506 4
216 509 4
216 515 4
216 526 3
216 531 4
216 532 5
216 538 5
216 546 4
216 549 4
216 553 4
216 554 4
216 559 4
216 560 3
216 564 5
216 568 4
216 576 4
216 578 4
216 585 4
216 588 4
216 591 4
216 592 4
216 607 4
216 614 4
216 619 4
216 625 4
216 627 4
216 628 4
216 633 4
216 651 4
216 652 4
216 657 4
216 658 5
216 660 4
216 662 4
216 676 5
216 678 3
216 682 4
216 684 4
216 685 4
216 686 4
216 689 4
216 690 4
216 693 4
216 696 4
216 699 4
216 707 4
216 708 4
216 710 4
216 712 4
216 713 4
216 717 4
216 720 4
216 721 4
216 723 4
216 724 4
216 729 4
216 734 4
216 735 4
216 737 4
216 738 3
216 739 4
216 746 4
216 747 4
216 748 4
216 750 5
216 754 5
216 755 4
216 761 5
216 762 4
216 768 4
216 770 4
216 775 4
216 778 4
216 781 4
216 783 4
216 785 4
216 790 4
216 792 3
216 794 4
216 795 4
216 803 4
216 807 5
216 812 5
216 815 4
216 819 3
216 821 5
216 824 4
216 827 4
216 833 4
216 834 2
216 840 4
216 842 5
216 843 4
216 845 4
216 849 4
216 864 3
216 866 4
216 873 3
216 874 3
216 879 5
216 895 4
216 915 2
216 916 1
216 917 4
216 918 4
216 928 4
216 929 4
216 931 3
216 934 4
216 936 5
216 937 4
216 938 4
216 941 5
216 955 4
216 959 4
216 966 4
216 972 4
216 975 4
216 980 4
216 985 3
216 990 5
216 997 4
217 1 3
217 3 3
217 5 4
217 7 3
217 11 3
217 12 4
217 13 3
217 15 4
217 16 3
217 17 3
217 20 3
217 23 4
217 27 3
217 29 4
217 32 3
217 39 3
217 42 3
217 44 3
217 47 3
217 50 3
217 51 3
217 55 3
217 56 3
217 58 4
217 62 4
217 63 3
217 64 3
217 65 3
217 67 4
217 68 4
217 69 3
217 70 4
217 72 3
217 73 3
217 77 4
217 78 4
217 79 3
217 80 3
217 81 3
217 82 4
217 83 3
217 89 4
217 91 3
217 95 3
217 96 3
217 97 4
217 98 3
217 99 4
217 100 3
217 101 3
217 106 3
217 109 3
217 118 4
217 120 4
217 122 4
217 123 4
217 125 3
217 127 4
217 131 4
217 132 3
217 135 4
217 139 4
217 142 3
217 144 3
217 145 4
217 147 3
217 154 3
217 157 4
217 159 3
217 162 4
217 164 3
217 167 3
217 168 3
217 169 4
217 171 3
217 172 4
217 173 3
217 174 3
217 176 4
217 178 4
217 179 4
217 181 3
217 182 3
217 183 3
217 184 3
217 186 4
217 190 3
217 195 3
217 196 3
217 198 4
217 200 3
217 201 3
217 202 3
217 206 4
217 207 3
217 208 3
217 214 4
217 216 3
217 217 4
217 218 4
217 219 4
217 222 3
217 223 4
217 226 3
217 228 4
217 232 3
217 234 3
217 235 3
217 242 3
217 245 4
217 246 3
217 248 3
217 250 3
217 252 4
217 255 3
217 257 3
217 258 3
217 260 3
217 264 3
217 265 3
217 270 4
217 273 3
217 286 3
217 288 4
217 290 3
217 293 3
217 294 3
217 298 3
217 323 3
217 324 3
217 325 4
217 326 3
217 340 3
217 357 4
217 358 3
217 364 3
217 367 3
217 373 3
217 380 4
217 382 4
217 385 3
217 386 3
217 388 5
217 391 4
217 392 3
217 393 3
217 395 4
217 396 3
217 399 3
217 402 3
217 403 3
217 404 3
217 413 4
217 419 3
217 420 3
217 421 3
217 422 3
217 423 3
217 425 3
217 428 3
217 431 4
217 433 3
217 436 4
217 441 3
217 444 3
217 447 4
217 449 4
217 451 3
217 452 3
217 461 3
217 465 3
217 472 3
217 474 4
217 475 4
217 483 3
217 484 3
217 485 4
217 498 3
217 501 3
217 508 4
217 513 3
217 518 3
217 541 3
217 544 4
217 545 5
217 546 3
217 551 4
217 552 3
217 555 3
217 559 3
217 561 3
217 562 3
217 563 5
217 574 2
217 578 4
217 579 3
217 582 3
217 596 3
217 597 3
217 614 3
217 616 4
217 625 3
217 628 4
217 631 3
217 636 4
217 638 3
217 640 4
217 642 3
217 655 3
217 658 3
217 665 4
217 668 4
217 669 5
217 674 4
217 679 3
217 684 3
217 685 4
217 692 3
217 708 3
217 709 4
217 710 3
217 715 4
217 723 4
217 725 4
217 727 4
217 728 3
217 732 3
217 742 4
217 746 3
217 747 3
217 748 3
217 758 3
217 762 3
217 764 3
217 765 3
217 767 3
217 769 3
217 774 4
217 778 3
217 781 3
217 783 3
217 792 3
217 796 4
217 797 3
217 800 3
217 804 3
217 809 3
217 810 3
217 815 4
217 825 4
217 827 4
217 831 4
217 849 4
217 855 3
217 871 3
217 895 3
217 923 4
217 928 3
217 940 5
217 943 3
217 944 3
217 946 3
217 963 4
217 979 4
217 999 3
217 1000 3
218 258 3
218 269 2
218 288 3
218 301 3
218 302 3
218 313 3
218 327 3
218 328 3
218 331 3
218 362 2
218 750 2
218 895 3
218 899 3
219 50 5
219 79 5
219 89 5
219 100 5
219 173 5
219 181 5
219 223 5
219 257 5
219 275 5
219 286 5
219 405 5
219 478 5
219 488 5
219 615 4
219 617 5
219 705 5
220 19 4
220 86 4
220 100 4
220 116 4
220 137 4
220 251 4
220 275 4
220 283 4
220 302 4
220 319 4
220 331 4
220 408 4
220 475 4
220 478 4
220 508 4
220 513 4
220 603 4
220 750 5
220 753 4
221 4 4
221 7 5
221 11 5
221 12 4
221 50 4
221 56 4
221 82 5
221 87 4
221 89 4
221 96 4
221 100 4
221 117 5
221 124 4
221 127 4
221 129 4
221 144 5
221 156 4
221 164 5
221 172 4
221 174 4
221 175 4
221 176 4
221 182 4
221 183 4
221 185 5
221 194 4
221 200 4
221 213 4
221 218 4
221 219 5
221 238 4
221 302 5
221 333 5
221 443 4
221 448 5
221 466 4
221 516 4
221 517 5
221 653 5
221 657 4
221 672 4
221 709 4
221 879 4
221 914 4
221 915 5
222 1 3
222 15 3
222 50 3
222 53 3
222 98 4
222 100 3
222 109 3
222 117 3
222 124 3
222 126 3
222 127 3
222 129 3
222 137 4
222 151 3
222 181 4
222 184 3
222 200 3
222 201 3
222 217 3
222 219 2
222 222 3
222 235 3
222 250 3
222 257 3
222 258 3
222 260 2
222 270 3
222 273 3
222 276 3
222 286 3
222 287 3
222 288 3
222 293 3
222 294 3
222 299 3
222 307 3
222 324 3
222 326 3
222 327 3
222 334 3
222 370 4
222 379 3
222 396 3
222 410 3
222 436 3
222 447 3
222 448 3
222 452 3
222 458 3
222 475 4
222 477 3
222 515 3
222 551 1
222 558 3
222 559 3
222 561 3
222 590 2
222 665 3
222 670 3
222 671 4
222 672 3
222 682 3
222 742 3
222 760 3
222 854 1
222 867 5
222 919 3
222 922 3
222 926 3
223 9 4
223 15 3
223 127 3
223 148 3
223 237 3
223 245 3
223 258 3
223 269 4
223 272 4
223 276 4
223 282 3
223 286 3
223 299 3
223 300 3
223 304 3
223 307 3
223 310 3
223 313 3
223 315 4
223 322 3
223 323 3
223 326 3
223 327 3
223 328 3
223 329 3
223 333 3
223 340 4
223 344 3
223 347 3
223 355 4
223 471 3
223 546 3
223 591 3
223 628 4
223 678 3
223 689 3
223 696 3
223 744 3
223 748 4
223 750 4
223 754 4
223 823 3
223 879 3
223 898 2
223 924 3
223 977 4
224 1 4
224 14 4
224 15 4
224 25 4
224 50 4
224 100 4
224 115 5
224 127 4
224 151 4
224 172 4
224 243 4
224 261 4
224 275 4
224 288 4
224 289 4
224 310 4
224 323 4
224 333 4
224 427 4
224 508 4
224 538 5
224 681 4
224 683 5
224 689 4
224 882 3
225 1 3
225 2 2
225 7 3
225 17 2
225 22 3
225 24 3
225 32 3
225 38 2
225 39 3
225 53 2
225 55 3
225 62 2
225 68 3
225 79 3
225 82 2
225 83 3
225 98 3
225 100 3
225 117 3
225 118 2
225 121 2
225 124 3
225 127 3
225 144 3
225 147 3
225 156 3
225 168 3
225 171 3
225 172 3
225 174 3
225 176 3
225 177 3
225 178 3
225 180 3
225 183 3
225 185 3
225 187 3
225 188 3
225 191 3
225 195 3
225 198 3
225 200 3
225 201 2
225 204 3
225 207 3
225 209 3
225 210 3
225 218 3
225 222 2
225 227 2
225 229 2
225 230 2
225 231 3
225 232 2
225 234 3
225 241 3
225 244 3
225 250 3
225 252 3
225 257 3
225 259 2
225 271 2
225 272 3
225 273 3
225 281 2
225 286 3
225 288 3
225 298 3
225 302 3
225 305 3
225 307 3
225 310 2
225 313 3
225 316 3
225 318 3
225 322 3
225 323 3
225 324 3
225 325 3
225 327 3
225 333 3
225 338 2
225 340 3
225 343 2
225 346 3
225 355 3
225 357 3
225 358 2
225 362 2
225 363 3
225 379 2
225 385 2
225 398 2
225 424 2
225 429 3
225 445 3
225 447 3
225 448 3
225 452 2
225 474 3
225 475 3
225 491 3
225 515 2
225 520 3
225 522 3
225 529 3
225 538 2
225 540 2
225 550 3
225 562 2
225 566 3
225 568 3
225 573 3
225 576 2
225 583 2
225 590 3
225 597 2
225 636 2
225 669 2
225 670 3
225 675 3
225 678 2
225 679 3
225 686 3
225 690 2
225 748 3
225 750 2
225 751 2
225 759 2
225 823 3
225 825 3
225 831 2
225 841 2
225 853 3
225 877 2
225 879 2
225 895 3
225 912 1
225 943 2
225 976 3
226 23 3
226 50 4
226 98 4
226 99 4
226 133 4
226 134 4
226 135 4
226 168 4
226 174 4
226 178 4
226 182 4
226 185 4
226 191 4
226 196 4
226 197 4
226 199 3
226 200 4
226 204 4
226 208 4
226 211 4
226 318 4
226 418 4
226 427 4
226 428 4
226 430 4
226 432 4
226 435 4
226 474 4
226 478 4
226 480 4
226 483 4
226 486 4
226 488 4
226 490 4
226 491 4
226 492 4
226 493 3
226 494 4
226 504 4
226 505 4
226 510 3
226 511 3
226 524 4
226 525 4
226 526 4
226 601 3
226 603 4
226 605 4
226 606 4
226 607 4
226 608 5
226 610 4
226 613 4
226 614 4
226 616 3
226 631 4
226 633 4
226 646 3
226 648 4
226 651 4
226 653 4
226 654 3
226 655 4
226 657 3
226 673 4
226 705 3
226 754 3
226 835 4
226 836 4
226 848 2
227 245 5
227 258 5
227 263 5
227 286 5
227 292 5
227 300 5
227 302 5
227 303 5
227 304 5
227 319 5
227 332 5
227 341 5
227 359 5
227 680 5
227 681 4
227 682 5
227 688 4
227 874 5
228 243 3
228 259 4
228 268 4
228 271 3
228 272 4
228 286 4
228 289 3
228 294 3
228 300 4
228 301 4
228 305 4
228 307 3
228 312 4
228 313 4
228 322 3
228 323 3
228 326 3
228 329 3
228 332 4
228 334 4
228 338 2
228 344 3
228 350 3
228 538 4
228 690 4
228 750 4
228 875 4
228 877 4
228 879 4
228 886 5
228 896 4
228 908 1
228 988 3
229 1 3
229 2 2
229 3 2
229 4 3
229 7 3
229 8 2
229 12 3
229 15 2
229 21 2
229 22 3
229 23 3
229 24 4
229 26 3
229 28 3
229 31 3
229 32 3
229 45 3
229 47 3
229 48 3
229 50 3
229 52 2
229 53 3
229 55 3
229 56 3
229 58 3
229 62 4
229 63 3
229 64 3
229 66 4
229 68 3
229 69 3
229 70 3
229 72 3
229 73 3
229 77 3
229 79 3
229 81 2
229 82 3
229 83 2
229 85 5
229 86 2
229 87 3
229 88 3
229 89 3
229 90 4
229 91 4
229 92 3
229 93 3
229 95 3
229 96 3
229 97 3
229 101 4
229 109 3
229 114 2
229 117 3
229 118 3
229 123 3
229 124 3
229 127 4
229 128 3
229 132 3
229 133 2
229 134 3
229 137 3
229 140 2
229 141 3
229 143 3
229 144 4
229 150 3
229 151 3
229 153 3
229 154 3
229 157 2
229 159 3
229 161 3
229 162 2
229 163 3
229 164 3
229 165 3
229 166 3
229 168 3
229 170 3
229 172 4
229 174 3
229 178 3
229 179 3
229 181 3
229 183 3
229 184 4
229 185 3
229 186 3
229 188 3
229 190 3
229 191 3
229 193 3
229 195 3
229 197 3
229 201 4
229 202 4
229 203 3
229 207 2
229 208 3
229 209 3
229 210 3
229 211 3
229 214 2
229 216 3
229 218 3
229 219 4
229 223 2
229 225 3
229 229 3
229 232 3
229 233 3
229 237 2
229 238 3
229 248 4
229 249 3
229 250 3
229 258 3
229 264 3
229 265 3
229 273 3
229 274 2
229 275 3
229 276 3
229 277 2
229 280 5
229 281 4
229 282 4
229 283 2
229 288 3
229 290 4
229 291 2
229 298 3
229 301 3
229 318 3
229 319 2
229 321 3
229 340 3
229 356 3
229 365 1
229 366 3
229 367 3
229 371 3
229 378 2
229 385 3
229 387 3
229 392 3
229 393 3
229 403 3
229 404 3
229 405 3
229 410 2
229 411 2
229 415 1
229 418 3
229 419 3
229 423 3
229 427 3
229 428 3
229 431 3
229 432 3
229 433 3
229 435 3
229 436 3
229 441 1
229 448 3
229 455 4
229 457 1
229 464 2
229 466 2
229 467 3
229 468 2
229 470 3
229 473 2
229 475 3
229 480 3
229 481 4
229 482 3
229 483 3
229 484 3
229 485 3
229 491 3
229 493 3
229 495 2
229 496 3
229 499 2
229 500 3
229 502 3
229 504 3
229 505 3
229 508 3
229 511 3
229 514 4
229 520 3
229 527 3
229 531 4
229 535 3
229 537 3
229 546 3
229 549 3
229 550 4
229 566 3
229 568 3
229 569 5
229 570 3
229 578 4
229 581 3
229 584 3
229 591 3
229 602 3
229 603 3
229 611 3
229 625 3
229 627 4
229 628 3
229 629 2
229 631 3
229 633 2
229 635 4
229 636 3
229 640 3
229 642 4
229 652 3
229 654 3
229 655 3
229 658 4
229 662 3
229 665 3
229 671 3
229 672 5
229 673 4
229 679 3
229 684 3
229 692 3
229 693 4
229 700 5
229 702 4
229 705 3
229 708 3
229 709 3
229 710 4
229 726 3
229 729 3
229 732 3
229 735 3
229 742 3
229 744 3
229 747 3
229 755 3
229 756 1
229 761 4
229 762 3
229 763 3
229 768 4
229 780 2
229 794 2
229 804 3
229 805 3
229 806 3
229 820 4
229 826 5
229 833 3
229 845 3
229 847 3
229 921 2
229 928 3
229 941 3
229 944 5
229 961 3
229 967 3
229 972 3
230 9 4
230 10 4
230 12 4
230 19 3
230 42 3
230 50 4
230 56 4
230 98 4
230 100 3
230 101 3
230 117 3
230 129 3
230 137 4
230 152 4
230 164 4
230 165 4
230 181 3
230 221 4
230 222 3
230 234 4
230 237 3
230 248 4
230 253 3
230 258 3
230 264 3
230 273 3
230 276 4
230 286 3
230 288 3
230 293 4
230 294 3
230 300 3
230 302 3
230 318 3
230 328 3
230 436 3
230 514 4
230 515 4
230 527 4
230 528 4
230 547 3
230 628 4
230 674 4
231 286 3
231 307 4
231 322 4
231 323 4
231 327 3
231 358 4
231 538 4
231 690 3
231 748 4
231 879 4
231 988 4
232 1 4
232 7 3
232 24 3
232 50 4
232 93 3
232 100 4
232 108 4
232 109 4
232 111 3
232 117 4
232 118 3
232 121 3
232 123 3
232 151 3
232 181 4
232 222 4
232 246 3
232 248 4
232 249 3
232 250 3
232 257 4
232 258 4
232 274 3
232 276 3
232 284 3
232 294 3
232 295 4
232 300 3
232 315 4
232 322 3
232 405 3
232 410 3
232 411 3
232 471 4
232 508 4
232 546 3
232 620 3
232 628 3
232 678 3
232 742 4
232 763 3
232 815 3
232 844 3
232 845 4
233 59 4
233 60 4
233 95 4
233 173 4
233 174 4
233 194 4
233 246 4
233 268 4
233 269 4
233 273 3
233 276 3
233 293 4
233 302 4
233 303 3
233 322 3
233 323 3
233 326 3
233 333 3
233 340 3
233 435 4
233 474 4
233 507 4
233 657 4
233 682 3
233 690 3
233 748 3
233 754 4
233 919 3
234 9 3
234 111 4
234 121 4
234 125 4
234 147 3
234 148 4
234 151 3
234 225 4
234 274 3
234 275 4
234 283 3
234 287 3
234 288 3
234 347 3
234 369 4
234 406 4
234 471 4
234 476 4
234 546 3
234 628 4
234 756 4
234 763 3
234 815 3
234 819 3
234 833 3
234 844 2
234 928 3
234 975 3
235 1 4
235 3 3
235 4 3
235 5 3
235 7 3
235 9 3
235 11 3
235 12 3
235 15 3
235 21 3
235 22 4
235 23 3
235 24 3
235 25 3
235 27 4
235 28 4
235 31 3
235 38 4
235 40 4
235 42 3
235 45 3
235 49 4
235 50 3
235 52 4
235 54 3
235 62 4
235 63 3
235 64 3
235 67 3
235 68 4
235 69 3
235 71 4
235 72 4
235 73 4
235 80 4
235 82 3
235 83 3
235 85 4
235 86 3
235 89 3
235 95 4
235 96 4
235 100 3
235 105 3
235 108 4
235 109 3
235 111 4
235 115 3
235 117 4
235 118 3
235 121 3
235 122 3
235 123 4
235 125 4
235 128 4
235 132 3
235 135 3
235 136 4
235 141 4
235 148 4
235 151 3
235 152 3
235 153 3
235 154 4
235 156 4
235 157 3
235 159 3
235 160 4
235 161 4
235 162 4
235 163 3
235 164 3
235 167 3
235 168 3
235 171 2
235 172 3
235 173 3
235 174 3
235 175 3
235 176 4
235 182 3
235 183 3
235 184 3
235 185 3
235 186 3
235 187 3
235 188 3
235 190 4
235 191 4
235 195 3
235 196 3
235 199 3
235 200 4
235 204 4
235 206 3
235 211 3
235 214 4
235 215 3
235 216 3
235 217 4
235 218 4
235 219 4
235 222 3
235 225 4
235 226 3
235 227 4
235 228 3
235 229 4
235 230 3
235 234 4
235 239 4
235 240 4
235 245 3
235 246 4
235 250 3
235 252 4
235 254 3
235 255 4
235 257 4
235 258 4
235 260 4
235 264 3
235 273 3
235 284 4
235 290 4
235 291 3
235 294 4
235 299 3
235 300 4
235 307 4
235 313 3
235 317 3
235 318 3
235 321 4
235 327 3
235 331 3
235 338 2
235 343 3
235 351 1
235 354 3
235 357 3
235 358 4
235 367 3
235 369 4
235 376 3
235 380 3
235 381 3
235 382 3
235 384 3
235 385 4
235 386 3
235 392 4
235 393 4
235 394 5
235 399 3
235 402 4
235 403 3
235 404 4
235 410 3
235 411 3
235 413 3
235 423 3
235 424 2
235 431 3
235 433 3
235 434 3
235 435 4
235 436 3
235 443 3
235 447 3
235 448 4
235 451 4
235 455 4
235 462 3
235 465 5
235 470 3
235 473 4
235 474 3
235 476 4
235 520 3
235 541 3
235 542 3
235 546 4
235 550 4
235 554 3
235 561 4
235 566 3
235 567 2
235 568 4
235 569 4
235 571 1
235 572 2
235 573 3
235 576 4
235 577 3
235 578 4
235 584 4
235 587 4
235 588 4
235 597 4
235 616 2
235 625 4
235 628 3
235 631 4
235 637 4
235 640 3
235 649 3
235 652 3
235 655 4
235 659 4
235 665 3
235 672 3
235 673 3
235 675 4
235 679 3
235 684 3
235 693 3
235 696 3
235 697 4
235 710 4
235 713 3
235 715 4
235 717 3
235 720 3
235 729 3
235 732 4
235 743 4
235 746 3
235 748 4
235 751 4
235 752 3
235 756 4
235 760 4
235 762 4
235 780 3
235 781 3
235 786 3
235 790 3
235 792 3
235 797 3
235 800 3
235 820 4
235 821 4
235 825 3
235 826 4
235 831 4
235 834 3
235 841 3
235 845 3
235 862 2
235 885 1
235 890 4
235 895 4
235 924 5
235 926 4
235 928 4
235 929 4
235 943 4
235 944 3
235 961 2
235 977 3
235 983 4
236 21 4
236 23 4
236 26 4
236 38 4
236 39 4
236 43 5
236 47 4
236 65 4
236 66 4
236 72 4
236 73 4
236 83 4
236 90 4
236 92 4
236 95 4
236 96 4
236 98 4
236 102 4
236 111 4
236 125 4
236 132 4
236 133 4
236 157 4
236 159 4
236 161 4
236 168 4
236 172 4
236 174 4
236 179 4
236 186 4
236 200 4
236 204 4
236 215 4
236 216 4
236 217 4
236 218 4
236 219 4
236 226 4
236 238 4
236 265 4
236 276 4
236 287 4
236 288 4
236 313 4
236 325 3
236 327 4
236 340 4
236 347 4
236 367 4
236 381 4
236 392 4
236 400 5
236 411 4
236 433 4
236 447 4
236 454 4
236 503 4
236 504 4
236 506 5
236 537 5
236 546 4
236 553 4
236 559 4
236 568 4
236 581 4
236 585 4
236 595 4
236 628 4
236 642 4
236 649 4
236 655 4
236 658 4
236 660 4
236 708 4
236 710 4
236 715 5
236 721 4
236 723 3
236 739 4
236 742 4
236 746 4
236 748 3
236 761 5
236 762 4
236 785 4
236 787 5
236 790 4
236 794 5
236 821 4
236 845 4
236 895 3
236 974 3
237 5 3
237 11 4
237 12 3
237 14 3
237 28 3
237 30 3
237 42 4
237 47 3
237 50 4
237 56 3
237 58 3
237 65 3
237 69 4
237 70 3
237 77 3
237 79 3
237 82 3
237 83 3
237 86 3
237 87 4
237 88 3
237 89 3
237 90 3
237 91 3
237 95 3
237 97 3
237 98 4
237 99 4
237 111 3
237 116 3
237 118 3
237 124 4
237 131 3
237 132 3
237 133 4
237 134 3
237 137 4
237 143 3
237 144 3
237 145 3
237 151 3
237 154 3
237 155 3
237 161 3
237 162 3
237 166 3
237 168 3
237 170 3
237 173 4
237 174 4
237 176 4
237 179 3
237 180 3
237 181 3
237 183 3
237 185 3
237 186 3
237 190 3
237 191 3
237 195 4
237 197 3
237 204 3
237 207 3
237 208 3
237 211 3
237 212 3
237 213 3
237 214 3
237 216 4
237 217 2
237 218 3
237 219 3
237 229 3
237 234 3
237 237 4
237 238 3
237 239 4
237 244 3
237 253 3
237 254 3
237 265 3
237 275 3
237 276 3
237 281 3
237 283 3
237 286 3
237 287 3
237 288 3
237 292 5
237 301 3
237 318 4
237 378 4
237 381 3
237 393 4
237 402 3
237 404 3
237 412 3
237 415 4
237 418 3
237 419 3
237 421 3
237 423 3
237 428 3
237 432 3
237 433 3
237 435 3
237 436 3
237 447 3
237 450 3
237 451 3
237 463 3
237 466 3
237 473 3
237 478 4
237 480 3
237 482 3
237 483 4
237 484 4
237 485 3
237 496 4
237 497 3
237 499 3
237 501 3
237 507 3
237 512 3
237 514 4
237 517 4
237 518 3
237 521 3
237 523 4
237 559 2
237 566 3
237 581 3
237 582 3
237 583 3
237 584 4
237 588 3
237 603 4
237 607 3
237 614 3
237 629 3
237 640 3
237 642 3
237 651 3
237 652 3
237 654 4
237 655 3
237 657 3
237 660 3
237 663 3
237 665 3
237 672 3
237 674 3
237 683 2
237 684 4
237 692 3
237 696 3
237 697 4
237 698 3
237 699 3
237 702 2
237 705 3
237 707 3
237 708 3
237 709 4
237 710 3
237 727 3
237 730 4
237 732 3
237 736 4
237 737 3
237 739 3
237 746 3
237 747 3
237 748 3
237 753 4
237 755 3
237 770 2
237 778 3
237 781 3
237 794 3
237 812 1
237 842 3
237 843 4
237 946 3
237 955 4
237 969 2
238 15 4
238 21 3
238 100 4
238 118 4
238 121 4
238 181 5
238 220 3
238 237 4
238 245 3
238 255 4
238 269 4
238 280 4
238 286 4
238 321 4
238 471 4
238 476 3
238 815 3
238 866 4
239 7 3
239 13 3
239 14 4
239 100 4
239 121 3
239 147 3
239 237 3
239 240 3
239 242 4
239 246 3
239 257 4
239 273 4
239 276 3
239 282 3
239 285 4
239 288 3
239 301 4
239 405 3
239 475 4
239 591 3
239 895 3
240 70 3
240 171 3
240 198 3
240 242 3
240 243 2
240 271 3
240 272 3
240 283 3
240 300 3
240 310 3
240 312 3
240 313 3
240 328 3
240 329 3
240 340 3
240 350 3
240 512 3
240 515 3
240 582 3
240 690 3
240 736 3
240 749 3
240 750 3
240 751 2
240 886 3
240 904 3
240 921 4
240 937 3
241 1 4
241 7 4
241 9 4
241 15 4
241 25 4
241 121 4
241 259 4
241 288 3
241 294 3
241 683 3
242 7 2
242 11 2
242 12 2
242 14 2
242 17 3
242 22 2
242 26 1
242 27 2
242 29 2
242 31 2
242 33 2
242 38 2
242 39 2
242 41 3
242 42 3
242 44 2
242 53 2
242 54 3
242 55 2
242 56 2
242 62 2
242 64 2
242 67 2
242 68 2
242 79 2
242 82 2
242 98 2
242 100 2
242 117 2
242 129 3
242 144 2
242 150 2
242 154 2
242 156 2
242 159 2
242 161 2
242 168 2
242 174 2
242 176 2
242 177 2
242 182 2
242 184 2
242 186 2
242 195 2
242 203 2
242 204 2
242 209 3
242 210 2
242 219 3
242 226 2
242 228 2
242 229 2
242 230 2
242 231 2
242 234 2
242 240 2
242 273 3
242 276 2
242 281 2
242 286 2
242 288 2
242 294 2
242 318 2
242 342 2
242 350 3
242 367 2
242 385 2
242 401 2
242 403 2
242 410 2
242 436 2
242 449 2
242 452 2
242 482 2
242 508 2
242 546 2
242 554 2
242 559 2
242 569 2
242 572 3
242 576 2
242 578 3
242 591 3
242 628 3
242 635 3
242 636 2
242 672 3
242 684 2
242 685 2
242 695 3
242 710 2
242 746 2
242 769 2
242 780 3
242 800 2
242 810 2
242 834 2
242 873 2
242 943 2
242 975 2
243 12 4
243 271 4
243 309 5
243 313 4
243 340 5
243 343 4
243 358 4
243 644 4
243 678 4
243 687 4
244 9 4
244 50 4
244 100 4
244 245 3
244 251 4
244 258 4
244 275 4
244 748 3
244 751 4
244 906 4
244 912 2
244 916 3
245 7 1
245 9 2
245 23 1
245 28 1
245 50 1
245 55 1
245 64 2
245 79 2
245 87 2
245 100 1
245 117 1
245 118 1
245 121 1
245 123 1
245 127 2
245 144 1
245 147 1
245 150 1
245 174 1
245 181 1
245 195 2
245 203 1
245 204 1
245 208 1
245 209 1
245 221 2
245 235 2
245 237 1
245 245 1
245 246 1
245 248 1
245 273 1
245 276 2
245 291 1
245 293 1
245 295 1
245 310 1
245 313 1
245 324 1
245 325 2
245 330 2
245 333 1
245 340 1
245 346 1
245 405 1
245 408 2
245 410 2
245 460 1
245 475 1
245 479 1
245 480 1
245 504 2
245 544 1
245 591 1
245 595 1
245 597 2
245 603 2
245 628 1
245 644 2
245 689 1
245 742 1
245 744 1
245 748 2
245 762 1
245 763 1
245 818 1
245 823 2
245 829 1
245 831 2
245 840 2
245 844 2
245 845 2
245 881 2
245 886 1
245 895 1
245 908 3
245 919 1
245 959 2
245 979 1
246 268 3
246 269 3
246 270 2
246 288 2
246 292 2
246 294 2
246 301 3
246 302 3
246 303 3
246 326 3
246 327 2
246 328 2
246 332 3
246 334 2
246 359 3
246 688 2
246 690 2
246 754 2
246 883 2
246 887 3
246 888 2
247 1 5
247 5 4
247 7 5
247 9 4
247 11 4
247 17 4
247 27 4
247 28 4
247 31 4
247 55 4
247 56 4
247 65 4
247 68 4
247 69 4
247 70 4
247 89 4
247 91 4
247 96 4
247 98 4
247 100 5
247 111 4
247 117 5
247 123 4
247 135 4
247 144 4
247 147 4
247 148 4
247 150 4
247 151 4
247 153 5
247 156 4
247 157 4
247 158 3
247 174 5
247 176 5
247 180 4
247 183 4
247 204 5
247 206 5
247 209 4
247 218 4
247 222 5
247 227 4
247 231 4
247 233 4
247 234 4
247 248 4
247 252 4
247 260 3
247 281 4
247 284 4
247 286 4
247 288 4
247 290 4
247 293 4
247 298 4
247 300 4
247 367 4
247 405 4
247 410 4
247 435 4
247 447 4
247 469 4
247 470 4
247 483 4
247 484 4
247 498 4
247 544 4
247 546 4
247 559 4
247 582 5
247 591 5
247 597 4
247 629 5
247 642 4
247 678 4
247 742 4
247 748 4
247 760 4
247 815 4
247 823 4
247 845 4
247 866 4
247 926 4
247 963 4
247 981 4
248 262 3
248 268 3
248 269 3
248 271 3
248 286 3
248 292 3
248 301 3
248 303 3
248 305 3
248 307 4
248 319 3
248 321 4
248 327 3
248 333 3
248 338 3
248 340 3
248 344 3
248 750 3
248 884 4
248 896 3
248 900 3
248 902 4
249 9 4
249 15 3
249 59 3
249 60 4
249 61 3
249 100 4
249 117 4
249 118 3
249 122 2
249 127 3
249 137 4
249 170 3
249 171 4
249 179 3
249 212 3
249 224 4
249 248 3
249 251 4
249 269 3
249 273 3
249 276 3
249 285 3
249 286 4
249 288 4
249 291 3
249 293 3
249 310 4
249 337 3
249 381 3
249 410 3
249 459 2
249 473 4
249 546 4
249 558 4
249 742 3
249 748 3
249 753 3
249 763 4
249 936 3
249 983 2
250 1 4
250 2 4
250 3 4
250 4 5
250 7 4
250 10 4
250 12 5
250 13 4
250 15 4
250 26 4
250 28 4
250 29 4
250 35 5
250 38 4
250 39 4
250 49 4
250 51 4
250 54 4
250 56 4
250 58 4
250 60 5
250 64 5
250 65 4
250 66 4
250 67 4
250 70 4
250 71 4
250 73 4
250 77 4
250 79 4
250 80 4
250 81 4
250 82 4
250 83 5
250 86 4
250 87 4
250 88 4
250 89 4
250 90 4
250 92 4
250 94 4
250 95 4
250 97 4
250 98 5
250 99 4
250 100 4
250 101 4
250 110 5
250 112 5
250 114 5
250 117 4
250 121 4
250 123 4
250 125 4
250 126 4
250 127 5
250 131 5
250 132 4
250 133 5
250 134 4
250 135 4
250 136 5
250 139 4
250 141 5
250 142 3
250 143 4
250 144 4
250 145 3
250 152 4
250 153 4
250 154 5
250 155 4
250 157 5
250 158 5
250 161 4
250 162 4
250 163 5
250 164 4
250 166 4
250 167 4
250 168 4
250 169 4
250 173 4
250 174 4
250 176 4
250 177 4
250 179 4
250 180 4
250 182 4
250 183 5
250 185 4
250 187 4
250 191 4
250 192 4
250 193 5
250 194 4
250 195 5
250 196 4
250 197 4
250 199 4
250 200 4
250 202 4
250 203 4
250 204 4
250 205 5
250 207 4
250 208 4
250 210 4
250 211 4
250 215 4
250 216 4
250 218 4
250 222 4
250 223 5
250 225 4
250 226 4
250 227 4
250 229 4
250 231 4
250 233 5
250 237 4
250 238 4
250 239 5
250 241 4
250 245 4
250 252 4
250 254 4
250 258 4
250 264 4
250 265 4
250 269 4
250 270 5
250 272 4
250 274 4
250 275 5
250 277 5
250 278 4
250 280 3
250 281 4
250 282 4
250 283 5
250 288 4
250 290 4
250 292 5
250 294 4
250 299 4
250 300 4
250 301 4
250 302 5
250 304 4
250 305 4
250 310 4
250 311 4
250 312 4
250 313 5
250 315 4
250 316 5
250 328 4
250 332 4
250 340 3
250 354 5
250 357 5
250 367 4
250 371 4
250 373 4
250 378 5
250 380 4
250 381 4
250 382 4
250 383 3
250 384 4
250 385 4
250 387 4
250 393 4
250 395 5
250 396 4
250 400 5
250 401 4
250 402 4
250 414 4
250 416 5
250 417 4
250 418 4
250 419 3
250 421 5
250 422 4
250 428 4
250 431 5
250 432 4
250 433 4
250 434 4
250 435 4
250 443 4
250 448 4
250 451 4
250 455 4
250 462 4
250 465 4
250 467 5
250 469 4
250 470 4
250 471 4
250 472 4
250 474 4
250 476 4
250 477 4
250 478 5
250 479 4
250 480 4
250 481 4
250 482 4
250 483 4
250 484 5
250 487 5
250 488 4
250 490 5
250 491 5
250 493 5
250 494 4
250 495 4
250 496 5
250 497 4
250 499 5
250 500 5
250 502 4
250 503 4
250 505 4
250 506 5
250 507 5
250 509 4
250 510 5
250 511 5
250 514 4
250 518 4
250 520 5
250 523 4
250 525 5
250 526 4
250 527 5
250 528 5
250 530 4
250 535 3
250 549 4
250 550 4
250 553 4
250 557 4
250 558 3
250 559 4
250 561 4
250 566 4
250 568 4
250 570 4
250 582 4
250 583 4
250 589 5
250 591 4
250 602 4
250 604 4
250 606 4
250 607 4
250 608 5
250 609 4
250 610 5
250 611 4
250 612 4
250 613 5
250 614 4
250 618 4
250 620 4
250 622 4
250 629 4
250 630 4
250 631 5
250 632 4
250 633 5
250 637 4
250 642 4
250 647 4
250 648 5
250 650 4
250 651 5
250 655 5
250 657 4
250 659 5
250 660 4
250 661 4
250 663 4
250 673 4
250 679 4
250 685 4
250 686 4
250 689 4
250 692 4
250 693 4
250 700 3
250 704 4
250 705 4
250 707 4
250 708 4
250 709 4
250 710 4
250 712 4
250 714 5
250 715 4
250 716 3
250 717 4
250 723 4
250 727 4
250 728 3
250 729 4
250 731 4
250 735 4
250 736 4
250 742 4
250 747 4
250 748 4
250 751 4
250 761 3
250 762 4
250 765 4
250 771 3
250 774 4
250 775 3
250 778 4
250 783 4
250 785 4
250 790 4
250 792 5
250 794 4
250 801 4
250 807 2
250 815 4
250 821 4
250 823 4
250 832 5
250 837 5
250 842 4
250 845 4
250 846 4
250 847 4
250 865 5
250 869 4
250 873 2
250 878 5
250 900 5
250 902 5
250 904 3
250 905 4
250 908 2
250 921 5
250 923 5
250 926 5
250 928 4
250 934 3
250 936 5
250 939 4
250 940 3
250 942 4
250 951 4
250 956 4
250 965 4
250 966 4
250 967 4
250 969 5
251 242 2
251 243 2
251 259 2
251 260 2
251 262 2
251 268 2
251 269 2
251 270 2
251 286 2
251 288 2
251 289 2
251 292 2
251 294 2
251 299 2
251 300 2
251 301 2
251 303 2
251 305 3
251 307 2
251 308 3
251 319 2
251 322 2
251 323 2
251 325 3
251 327 2
251 328 2
251 329 1
251 330 2
251 331 2
251 332 2
251 333 2
251 336 3
251 337 2
251 359 2
251 360 2
251 457 1
251 680 1
251 681 1
251 682 3
251 687 1
251 749 2
251 872 2
251 874 2
251 875 4
251 877 2
251 879 3
251 880 2
251 881 2
251 882 2
251 883 2
251 884 1
251 937 2
251 938 1
251 984 2
251 989 2
251 991 2
251 995 2
252 7 4
252 8 4
252 14 4
252 22 4
252 25 4
252 27 3
252 45 4
252 48 4
252 52 3
252 58 3
252 60 4
252 61 4
252 62 4
252 64 4
252 66 4
252 69 4
252 70 4
252 73 4
252 86 4
252 88 4
252 89 4
252 96 4
252 97 4
252 99 4
252 111 3
252 121 4
252 124 3
252 127 4
252 132 3
252 134 3
252 135 4
252 136 4
252 143 4
252 152 4
252 154 4
252 156 4
252 161 4
252 162 4
252 163 4
252 168 4
252 170 3
252 171 4
252 173 4
252 174 4
252 180 4
252 181 4
252 183 4
252 185 3
252 186 4
252 187 4
252 188 4
252 191 4
252 194 4
252 195 4
252 197 3
252 201 3
252 202 4
252 203 4
252 204 4
252 207 4
252 212 4
252 216 4
252 234 4
252 237 4
252 243 3
252 245 3
252 259 3
252 269 3
252 276 4
252 286 4
252 294 3
252 318 4
252 371 3
252 384 3
252 404 4
252 418 4
252 419 4
252 420 4
252 423 4
252 427 4
252 430 3
252 432 3
252 435 4
252 443 4
252 455 3
252 458 4
252 461 3
252 462 3
252 465 4
252 467 3
252 472 3
252 479 3
252 482 3
252 483 4
252 485 4
252 488 3
252 491 4
252 492 4
252 494 4
252 495 4
252 496 3
252 498 4
252 502 4
252 506 4
252 510 4
252 513 4
252 517 4
252 518 4
252 521 3
252 523 3
252 526 3
252 530 4
252 531 4
252 554 3
252 576 4
252 588 4
252 597 4
252 603 4
252 609 3
252 614 4
252 615 4
252 624 5
252 631 4
252 636 3
252 641 4
252 648 4
252 654 4
252 659 4
252 660 3
252 684 4
252 729 3
252 736 4
252 780 3
252 781 4
252 792 4
252 805 4
252 815 3
252 863 4
252 874 5
252 924 4
252 947 3
252 969 4
252 971 3
253 3 4
253 4 4
253 7 3
253 9 3
253 11 3
253 12 4
253 17 3
253 22 3
253 24 3
253 33 4
253 42 4
253 48 3
253 49 3
253 50 3
253 53 4
253 59 4
253 68 4
253 69 3
253 73 3
253 79 3
253 80 3
253 93 4
253 94 3
253 97 3
253 98 3
253 100 4
253 117 3
253 122 4
253 125 3
253 132 4
253 143 3
253 154 3
253 156 3
253 157 4
253 158 3
253 164 3
253 168 4
253 172 3
253 174 3
253 181 3
253 186 3
253 188 4
253 196 3
253 204 3
253 210 3
253 231 4
253 233 3
253 238 4
253 239 3
253 246 3
253 248 3
253 254 4
253 258 3
253 268 3
253 276 4
253 288 4
253 298 3
253 318 3
253 354 3
253 356 3
253 357 3
253 364 4
253 367 3
253 369 3
253 384 3
253 385 3
253 393 3
253 401 3
253 402 3
253 410 3
253 412 4
253 416 3
253 421 3
253 423 3
253 424 3
253 427 4
253 456 2
253 471 3
253 475 4
253 476 3
253 496 3
253 508 4
253 509 3
253 515 4
253 550 4
253 552 3
253 566 3
253 568 3
253 578 4
253 586 4
253 591 3
253 628 3
253 651 3
253 655 3
253 684 3
253 693 4
253 697 3
253 717 4
253 721 3
253 742 3
253 871 4
253 959 3
253 963 4
253 975 3
254 1 3
254 11 2
254 12 3
254 15 3
254 22 3
254 28 3
254 50 2
254 51 2
254 55 3
254 56 2
254 58 2
254 66 3
254 69 3
254 70 3
254 73 3
254 76 2
254 77 3
254 79 2
254 82 3
254 87 3
254 88 2
254 89 2
254 96 3
254 97 2
254 98 2
254 99 3
254 100 3
254 107 2
254 114 2
254 117 2
254 118 2
254 121 2
254 124 3
254 131 2
254 133 3
254 134 2
254 136 3
254 143 3
254 144 3
254 153 3
254 161 3
254 162 2
254 164 2
254 169 3
254 172 2
254 173 3
254 174 3
254 181 2
254 182 2
254 185 2
254 191 3
254 195 3
254 196 3
254 197 3
254 199 3
254 202 3
254 203 2
254 204 3
254 210 3
254 211 2
254 215 2
254 222 2
254 228 2
254 234 3
254 237 3
254 245 2
254 248 3
254 250 2
254 255 3
254 257 2
254 258 3
254 259 2
254 260 2
254 270 2
254 272 2
254 277 3
254 279 4
254 286 3
254 289 2
254 293 2
254 300 3
254 310 2
254 315 2
254 316 2
254 317 2
254 318 3
254 322 3
254 323 2
254 326 3
254 356 2
254 357 2
254 378 3
254 385 3
254 392 3
254 414 3
254 418 3
254 419 3
254 423 3
254 427 2
254 431 2
254 434 3
254 435 3
254 451 2
254 465 2
254 468 3
254 474 2
254 478 3
254 479 2
254 482 2
254 483 2
254 484 3
254 485 3
254 487 2
254 490 2
254 492 3
254 493 3
254 496 3
254 497 3
254 507 2
254 509 2
254 519 2
254 520 3
254 526 2
254 528 3
254 531 2
254 566 2
254 568 3
254 603 2
254 605 3
254 607 3
254 610 2
254 612 3
254 614 3
254 627 2
254 631 2
254 633 3
254 642 2
254 649 3
254 651 3
254 654 2
254 655 2
254 657 3
254 659 3
254 660 2
254 661 2
254 678 2
254 685 2
254 686 3
254 692 3
254 693 3
254 694 2
254 705 3
254 707 3
254 724 2
254 735 2
254 736 2
254 740 2
254 742 2
254 746 2
254 836 1
254 837 2
254 842 2
254 873 2
254 875 3
254 879 2
254 939 2
254 945 3
254 956 2
254 968 3
255 1 4
255 2 4
255 4 3
255 7 4
255 8 3
255 9 4
255 12 4
255 14 3
255 17 4
255 20 3
255 24 4
255 25 3
255 31 4
255 39 4
255 40 3
255 42 4
255 44 3
255 47 4
255 53 5
255 56 4
255 57 3
255 58 3
255 64 4
255 69 4
255 70 4
255 71 4
255 87 4
255 95 4
255 96 4
255 97 4
255 98 4
255 100 4
255 118 4
255 123 4
255 125 4
255 126 4
255 127 4
255 135 3
255 148 3
255 161 4
255 170 3
255 174 4
255 176 3
255 191 4
255 196 4
255 197 4
255 204 3
255 214 3
255 217 4
255 222 3
255 223 3
255 228 3
255 234 4
255 237 4
255 241 4
255 245 3
255 252 4
255 255 4
255 257 4
255 265 4
255 270 4
255 275 3
255 276 3
255 277 4
255 279 3
255 281 4
255 282 4
255 288 4
255 289 4
255 291 3
255 292 3
255 293 3
255 300 4
255 301 4
255 304 4
255 307 3
255 313 4
255 317 3
255 318 4
255 321 4
255 323 4
255 334 4
255 343 4
255 380 3
255 382 3
255 393 4
255 402 4
255 405 4
255 423 4
255 428 3
255 447 4
255 455 4
255 462 3
255 465 4
255 471 4
255 475 4
255 504 4
255 508 4
255 511 3
255 515 4
255 518 4
255 529 3
255 531 4
255 582 4
255 584 4
255 591 4
255 597 3
255 627 4
255 628 4
255 629 3
255 647 3
255 660 3
255 678 4
255 692 3
255 694 3
255 709 4
255 724 3
255 727 3
255 738 3
255 747 4
255 755 4
255 778 4
255 898 4
255 934 4
255 939 3
256 1 3
256 3 3
256 4 4
256 9 4
256 12 4
256 13 3
256 22 4
256 23 4
256 32 4
256 42 4
256 46 4
256 50 4
256 53 4
256 54 3
256 57 4
256 60 4
256 61 3
256 68 3
256 69 4
256 71 4
256 79 3
256 80 3
256 86 3
256 91 4
256 92 4
256 95 3
256 97 4
256 100 4
256 101 3
256 111 4
256 121 4
256 125 4
256 127 4
256 133 3
256 135 4
256 143 3
256 161 4
256 168 4
256 170 4
256 172 3
256 174 4
256 175 4
256 177 4
256 179 4
256 181 4
256 182 4
256 185 4
256 186 4
256 187 4
256 188 3
256 194 4
256 196 4
256 197 4
256 200 3
256 202 3
256 210 4
256 211 3
256 218 3
256 222 4
256 226 4
256 228 4
256 231 4
256 232 4
256 234 4
256 238 4
256 268 4
256 273 4
256 274 3
256 282 4
256 286 4
256 294 3
256 325 3
256 346 4
256 357 4
256 366 3
256 369 3
256 380 3
256 403 3
256 410 4
256 414 3
256 419 4
256 421 4
256 423 4
256 427 4
256 431 3
256 432 4
256 433 4
256 443 3
256 448 3
256 449 3
256 452 3
256 460 4
256 461 3
256 462 4
256 474 4
256 475 4
256 479 4
256 484 4
256 490 3
256 498 4
256 505 4
256 506 4
256 508 4
256 523 4
256 546 4
256 559 3
256 568 3
256 578 3
256 581 4
256 582 4
256 603 3
256 608 4
256 616 3
256 640 4
256 655 4
256 658 3
256 660 4
256 662 4
256 672 3
256 673 3
256 693 3
256 696 4
256 708 3
256 710 4
256 715 4
256 720 4
256 721 4
256 737 3
256 743 5
256 763 3
256 789 4
256 806 4
256 818 3
256 845 3
256 864 4
256 919 3
256 922 2
256 933 5
256 943 3
256 955 4
256 959 4
256 963 4
256 979 4
256 985 4
257 4 5
257 7 5
257 8 4
257 9 4
257 11 4
257 12 5
257 14 4
257 15 4
257 20 5
257 27 4
257 31 5
257 38 4
257 44 5
257 45 5
257 48 5
257 50 5
257 51 5
257 52 5
257 53 4
257 54 4
257 56 4
257 57 5
257 58 5
257 59 4
257 62 4
257 64 5
257 65 5
257 66 4
257 70 4
257 77 5
257 79 5
257 82 5
257 83 4
257 86 4
257 89 5
257 91 4
257 94 5
257 96 5
257 97 5
257 100 4
257 105 4
257 114 4
257 117 5
257 118 4
257 122 4
257 127 5
257 132 4
257 134 4
257 137 4
257 143 5
257 144 5
257 148 4
257 151 5
257 155 4
257 156 4
257 157 5
257 161 4
257 162 4
257 164 5
257 168 5
257 172 5
257 173 5
257 174 5
257 176 5
257 180 5
257 181 5
257 182 4
257 183 5
257 185 5
257 186 5
257 190 5
257 191 4
257 192 4
257 193 5
257 194 5
257 195 5
257 196 4
257 197 4
257 200 5
257 203 5
257 204 5
257 209 5
257 214 4
257 215 4
257 216 4
257 218 4
257 219 3
257 226 4
257 229 4
257 230 5
257 231 4
257 232 4
257 234 4
257 235 4
257 237 5
257 239 5
257 240 4
257 241 4
257 243 4
257 248 4
257 257 4
257 258 5
257 265 5
257 282 4
257 285 4
257 288 4
257 304 4
257 318 5
257 357 4
257 366 4
257 370 3
257 372 4
257 373 4
257 378 4
257 380 5
257 385 4
257 393 4
257 395 5
257 401 5
257 402 4
257 403 4
257 405 4
257 410 5
257 411 4
257 412 4
257 417 4
257 425 5
257 428 5
257 436 5
257 443 5
257 448 4
257 450 3
257 452 4
257 453 3
257 455 4
257 456 4
257 458 4
257 462 4
257 469 4
257 470 5
257 471 4
257 472 4
257 473 5
257 474 4
257 476 4
257 483 5
257 500 5
257 507 5
257 509 4
257 527 4
257 529 4
257 531 4
257 540 4
257 546 4
257 549 5
257 553 4
257 559 4
257 566 5
257 568 4
257 582 5
257 584 4
257 588 5
257 597 4
257 623 4
257 628 5
257 629 4
257 631 4
257 632 5
257 636 4
257 640 4
257 651 5
257 655 5
257 658 4
257 664 5
257 673 5
257 679 5
257 692 4
257 699 4
257 704 3
257 708 4
257 709 4
257 717 4
257 720 4
257 722 4
257 727 4
257 729 4
257 732 5
257 739 4
257 742 4
257 744 4
257 747 4
257 755 5
257 756 4
257 758 3
257 769 5
257 770 4
257 775 3
257 783 4
257 792 5
257 819 3
257 825 5
257 841 4
257 845 4
257 871 4
257 931 5
257 934 4
257 948 4
257 949 4
257 959 4
257 980 5
258 8 4
258 9 4
258 12 4
258 13 4
258 14 4
258 20 4
258 23 4
258 25 4
258 28 4
258 32 4
258 48 4
258 50 4
258 57 4
258 58 4
258 86 4
258 96 4
258 98 4
258 117 4
258 121 4
258 124 4
258 126 4
258 127 4
258 129 4
258 134 4
258 143 4
258 144 4
258 147 4
258 152 4
258 169 4
258 174 4
258 178 4
258 179 4
258 180 4
258 181 4
258 182 4
258 183 4
258 189 4
258 190 4
258 191 4
258 192 4
258 193 4
258 195 4
258 203 4
258 208 4
258 209 4
258 234 4
258 237 4
258 238 4
258 245 4
258 250 4
258 255 3
258 273 4
258 278 4
258 282 4
258 283 4
258 284 4
258 285 4
258 286 4
258 287 4
258 288 4
258 293 4
258 298 4
258 301 4
258 304 4
258 307 4
258 317 4
258 318 4
258 319 3
258 321 4
258 330 4
258 333 4
258 346 3
258 357 4
258 387 4
258 405 4
258 408 4
258 410 4
258 423 4
258 425 4
258 427 4
258 430 4
258 467 5
258 469 5
258 473 3
258 474 4
258 496 4
258 509 4
258 514 4
258 517 4
258 521 3
258 526 4
258 529 4
258 530 4
258 546 4
258 582 4
258 588 4
258 589 4
258 591 4
258 597 4
258 603 4
258 632 4
258 644 4
258 648 4
258 651 4
258 654 4
258 663 4
258 685 4
258 694 5
258 696 4
258 704 4
258 709 4
258 717 3
258 736 4
258 742 4
258 750 4
258 753 4
258 792 4
258 844 3
258 847 4
258 896 4
258 925 4
258 939 4
258 952 3
258 956 4
258 980 4
259 1 3
259 3 3
259 7 3
259 8 3
259 15 3
259 16 3
259 19 3
259 22 3
259 25 3
259 100 3
259 108 3
259 111 3
259 117 3
259 120 3
259 121 3
259 123 3
259 134 3
259 147 3
259 148 3
259 164 3
259 172 3
259 174 3
259 181 3
259 194 3
259 216 3
259 220 4
259 222 3
259 225 3
259 230 3
259 245 3
259 249 3
259 250 3
259 255 4
259 258 3
259 264 3
259 278 3
259 282 3
259 286 3
259 289 3
259 291 4
259 295 3
259 300 3
259 301 3
259 322 3
259 323 3
259 328 3
259 332 3
259 333 3
259 336 3
259 357 3
259 358 3
259 411 3
259 472 3
259 473 3
259 523 3
259 546 3
259 568 3
259 596 3
259 597 3
259 651 3
259 676 3
259 678 3
259 685 3
259 687 4
259 742 3
259 748 3
259 815 3
259 825 4
259 827 4
259 832 3
259 846 3
259 864 3
259 866 3
259 873 4
259 879 3
259 934 3
259 969 4
259 978 3
259 989 3
260 1 4
260 7 4
260 10 3
260 14 4
260 20 3
260 117 4
260 127 4
260 129 4
260 146 3
260 221 4
260 224 4
260 242 5
260 248 4
260 250 4
260 253 4
260 257 4
260 258 4
260 273 4
260 275 4
260 276 4
260 279 4
260 286 4
260 289 4
260 294 3
260 297 4
260 301 4
260 302 4
260 303 4
260 307 4
260 311 4
260 322 4
260 327 4
260 458 4
260 515 4
260 532 5
260 591 4
260 676 4
260 713 4
260 744 4
261 121 3
261 158 3
261 242 4
261 255 3
261 269 4
261 285 4
261 302 4
261 304 3
261 319 3
261 347 3
261 682 3
262 11 4
262 22 4
262 100 5
262 136 4
262 237 4
262 259 4
262 271 3
262 288 4
262 289 4
262 292 4
262 300 4
262 313 4
262 321 3
262 332 3
262 358 4
262 678 3
262 682 3
262 866 4
262 895 3
263 3 2
263 7 3
263 10 2
263 14 3
263 15 3
263 20 2
263 24 2
263 50 3
263 93 3
263 100 3
263 103 1
263 107 3
263 112 1
263 116 3
263 117 2
263 121 2
263 124 3
263 126 3
263 127 3
263 137 3
263 147 2
263 149 2
263 150 3
263 151 2
263 221 3
263 224 3
263 225 2
263 235 2
263 242 2
263 243 2
263 244 2
263 248 3
263 249 2
263 250 3
263 253 3
263 257 2
263 258 3
263 268 3
263 270 3
263 274 2
263 282 2
263 283 3
263 284 2
263 285 2
263 288 2
263 301 2
263 304 3
263 306 2
263 311 2
263 319 3
263 347 2
263 362 1
263 455 2
263 472 2
263 473 2
263 475 2
263 477 2
263 508 3
263 544 2
263 593 3
263 596 2
263 597 2
263 689 3
263 741 2
263 744 2
263 751 2
263 819 4
263 845 3
263 864 2
263 870 3
263 880 3
263 887 3
263 926 2
263 930 2
263 950 2
263 952 2
263 988 3
263 993 2
264 16 3
264 116 3
264 176 4
264 181 4
264 194 4
264 248 3
264 258 4
264 260 4
264 269 4
264 286 4
264 289 4
264 293 4
264 298 4
264 300 4
264 301 4
264 321 4
264 322 4
264 328 4
264 333 4
264 358 4
264 482 4
264 603 4
264 678 4
264 705 4
264 709 4
264 748 4
264 879 4
265 1 4
265 7 4
265 8 4
265 12 4
265 22 4
265 28 4
265 32 4
265 56 4
265 64 4
265 87 4
265 97 3
265 100 4
265 109 4
265 114 4
265 132 4
265 134 4
265 136 3
265 143 3
265 154 4
265 169 4
265 172 4
265 174 4
265 175 4
265 179 3
265 180 4
265 181 4
265 190 4
265 191 4
265 194 4
265 198 4
265 199 4
265 202 4
265 257 4
265 258 4
265 283 4
265 286 3
265 300 4
265 318 4
265 319 3
265 395 4
265 404 3
265 423 4
265 428 4
265 474 4
265 475 4
265 478 4
265 481 3
265 496 4
265 529 4
265 584 3
265 588 4
265 603 4
265 615 4
265 638 4
265 651 4
265 656 5
265 705 4
265 855 4
266 2 4
266 11 4
266 22 4
266 24 4
266 27 3
266 50 4
266 55 4
266 56 4
266 62 3
266 79 4
266 87 4
266 89 4
266 95 4
266 96 4
266 98 4
266 117 4
266 127 4
266 128 4
266 144 4
266 174 4
266 181 4
266 182 4
266 183 4
266 184 4
266 187 4
266 188 4
266 210 4
266 231 3
266 232 3
266 258 4
266 265 4
266 268 4
266 269 4
266 273 4
266 288 3
266 292 3
266 294 3
266 302 4
266 306 4
266 308 4
266 313 4
266 315 4
266 321 4
266 324 3
266 326 4
266 327 4
266 328 4
266 331 4
266 333 3
266 334 4
266 346 4
266 349 4
266 350 4
266 354 4
266 357 4
266 385 4
266 405 4
266 455 4
266 518 4
266 546 4
266 550 4
266 566 4
266 568 4
266 651 4
266 682 3
266 748 3
266 873 5
266 882 4
266 885 5
266 898 2
266 902 3
266 908 2
266 995 4
267 7 4
267 10 4
267 24 4
267 50 4
267 93 4
267 100 4
267 108 4
267 109 4
267 150 4
267 240 4
267 246 4
267 248 4
267 249 4
267 264 4
267 268 4
267 269 4
267 273 3
267 276 4
267 298 4
267 327 3
267 340 4
267 455 4
267 475 4
267 742 4
267 762 4
267 919 4
268 1 3
268 4 4
268 7 3
268 8 4
268 13 3
268 15 3
268 19 3
268 22 4
268 23 4
268 25 3
268 31 4
268 39 3
268 42 3
268 47 3
268 51 3
268 56 4
268 58 4
268 69 3
268 70 3
268 71 3
268 95 3
268 96 4
268 97 3
268 98 4
268 100 4
268 111 3
268 116 3
268 118 3
268 121 3
268 126 3
268 132 3
268 137 4
268 144 4
268 150 3
268 153 4
268 157 4
268 159 4
268 160 4
268 170 4
268 172 4
268 173 4
268 178 4
268 180 4
268 181 4
268 182 4
268 191 4
268 192 4
268 195 4
268 200 3
268 209 3
268 214 3
268 216 4
268 222 3
268 238 4
268 246 4
268 251 3
268 257 3
268 258 3
268 273 3
268 283 4
268 285 4
268 293 4
268 294 3
268 297 3
268 318 4
268 321 3
268 357 4
268 367 3
268 377 3
268 405 3
268 411 3
268 423 4
268 427 4
268 428 3
268 435 4
268 462 4
268 469 3
268 471 3
268 475 4
268 498 4
268 507 3
268 529 4
268 544 3
268 582 3
268 603 4
268 612 4
268 642 3
268 655 4
268 662 4
268 692 3
268 699 4
268 724 4
268 742 3
268 826 4
268 856 4
268 926 3
268 952 3
269 64 5
269 65 5
269 127 4
269 134 5
269 136 5
269 153 5
269 194 5
269 199 5
269 215 5
269 286 5
269 306 5
269 483 5
269 484 5
269 490 5
269 495 5
269 507 5
269 511 5
269 520 4
269 530 5
269 582 5
269 605 5
269 610 5
269 611 5
269 641 5
269 654 5
269 656 5
269 705 5
269 855 5
269 923 5
270 1 3
270 7 3
270 9 3
270 13 3
270 19 2
270 50 3
270 93 3
270 100 3
270 118 3
270 125 3
270 150 3
270 181 3
270 221 3
270 235 2
270 248 3
270 257 2
270 258 3
270 276 3
270 283 3
270 284 3
270 285 3
270 286 3
270 293 3
270 294 3
270 295 3
270 360 2
270 458 3
270 471 3
270 475 3
270 508 3
270 544 3
270 546 3
270 813 3
270 824 2
270 919 3
270 950 3
270 952 3
271 1 3
271 8 4
271 50 3
271 94 3
271 95 3
271 99 4
271 140 4
271 225 4
271 404 3
271 418 4
271 477 4
271 501 3
271 596 4
271 768 3
271 878 5
271 932 4
271 969 4
272 1 4
272 2 4
272 3 4
272 4 4
272 7 4
272 11 4
272 12 4
272 21 5
272 24 4
272 27 4
272 28 4
272 29 4
272 33 4
272 38 4
272 41 4
272 43 4
272 49 4
272 51 5
272 56 4
272 63 4
272 64 4
272 66 4
272 68 4
272 69 4
272 71 4
272 72 4
272 73 4
272 78 4
272 79 4
272 80 4
272 82 4
272 88 4
272 90 4
272 94 4
272 97 4
272 99 4
272 101 5
272 109 5
272 117 4
272 118 4
272 120 5
272 121 4
272 122 4
272 123 4
272 132 4
272 135 4
272 141 4
272 151 4
272 161 4
272 168 4
272 172 4
272 173 4
272 174 4
272 175 4
272 177 4
272 181 4
272 183 4
272 185 4
272 186 4
272 193 4
272 195 4
272 196 4
272 204 4
272 210 4
272 215 4
272 217 4
272 218 4
272 226 4
272 228 4
272 229 4
272 232 4
272 233 4
272 234 4
272 239 4
272 240 5
272 250 5
272 254 4
272 255 5
272 258 4
272 260 4
272 271 5
272 288 4
272 313 4
272 318 4
272 323 4
272 343 4
272 355 4
272 358 4
272 362 4
272 365 4
272 368 4
272 370 5
272 373 5
272 374 4
272 375 4
272 378 4
272 380 4
272 384 5
272 386 5
272 391 5
272 392 4
272 393 4
272 395 5
272 400 4
272 401 4
272 404 4
272 411 4
272 416 5
272 417 4
272 418 4
272 431 4
272 443 4
272 449 4
272 465 4
272 473 4
272 475 4
272 477 4
272 485 4
272 496 4
272 501 4
272 541 3
272 546 4
272 548 4
272 550 4
272 552 5
272 559 4
272 561 5
272 562 4
272 567 3
272 568 4
272 569 5
272 576 4
272 577 5
272 578 4
272 584 5
272 588 5
272 597 4
272 609 4
272 625 4
272 633 4
272 655 5
272 665 4
272 672 4
272 685 4
272 689 4
272 715 5
272 720 5
272 739 4
272 742 4
272 743 4
272 746 4
272 747 5
272 751 4
272 755 3
272 756 4
272 758 5
272 760 4
272 763 5
272 768 4
272 771 4
272 780 5
272 790 4
272 796 4
272 810 4
272 826 4
272 834 5
272 877 4
272 890 3
272 895 4
272 924 4
272 928 4
272 930 4
272 931 4
272 940 4
272 946 4
272 951 4
272 977 5
273 7 4
273 9 4
273 10 3
273 14 4
273 25 3
273 116 4
273 124 4
273 129 3
273 137 4
273 242 4
273 257 4
273 275 4
273 276 4
273 293 4
273 302 4
273 303 4
273 319 3
273 327 4
273 547 4
273 813 3
274 7 5
274 8 5
274 11 5
274 12 5
274 13 4
274 14 5
274 15 4
274 22 5
274 23 5
274 26 5
274 42 5
274 44 4
274 45 5
274 48 5
274 50 5
274 52 4
274 58 4
274 60 5
274 61 5
274 64 5
274 66 5
274 68 4
274 69 4
274 70 4
274 71 5
274 72 4
274 73 4
274 76 5
274 77 4
274 79 4
274 83 5
274 86 5
274 87 5
274 88 4
274 89 5
274 92 5
274 97 4
274 98 4
274 99 4
274 100 5
274 107 5
274 116 5
274 117 4
274 121 4
274 131 4
274 132 4
274 134 5
274 135 5
274 136 5
274 141 4
274 150 4
274 161 4
274 168 5
274 170 5
274 171 5
274 172 5
274 173 5
274 175 5
274 176 5
274 178 5
274 179 5
274 180 4
274 181 5
274 182 5
274 183 5
274 191 5
274 192 5
274 193 4
274 194 5
274 195 5
274 196 5
274 198 5
274 203 5
274 205 4
274 207 4
274 208 4
274 210 5
274 211 4
274 212 5
274 215 4
274 216 4
274 218 4
274 221 5
274 227 4
274 230 4
274 234 4
274 237 4
274 238 5
274 244 5
274 248 5
274 252 4
274 257 4
274 258 4
274 265 4
274 274 4
274 275 4
274 276 5
274 282 4
274 283 4
274 285 5
274 288 4
274 289 4
274 291 4
274 293 5
274 298 4
274 302 5
274 313 5
274 315 4
274 316 4
274 317 4
274 322 4
274 326 4
274 346 5
274 356 4
274 380 5
274 382 5
274 385 5
274 410 4
274 414 4
274 416 4
274 418 5
274 419 4
274 430 5
274 434 5
274 435 4
274 436 5
274 461 5
274 462 4
274 463 5
274 470 5
274 474 5
274 475 5
274 478 4
274 480 4
274 481 5
274 483 5
274 484 5
274 486 5
274 488 5
274 489 5
274 490 5
274 491 5
274 493 5
274 495 4
274 496 5
274 497 4
274 498 5
274 499 5
274 503 5
274 506 5
274 507 4
274 508 5
274 511 5
274 513 5
274 514 5
274 517 4
274 518 5
274 519 5
274 520 4
274 521 4
274 525 5
274 526 4
274 527 4
274 528 5
274 529 5
274 530 4
274 553 4
274 566 4
274 584 5
274 591 4
274 601 4
274 602 5
274 603 5
274 604 5
274 605 4
274 607 4
274 610 4
274 614 4
274 615 4
274 618 5
274 628 4
274 633 5
274 641 5
274 642 5
274 646 4
274 648 4
274 649 4
274 651 4
274 653 4
274 657 5
274 659 5
274 660 5
274 661 5
274 664 4
274 676 4
274 684 5
274 685 4
274 692 5
274 696 5
274 697 5
274 699 5
274 705 5
274 707 5
274 708 4
274 709 4
274 735 4
274 736 5
274 744 5
274 756 4
274 789 5
274 792 4
274 836 5
274 848 5
274 921 4
274 923 5
274 939 4
274 943 4
274 945 5
274 963 5
274 966 5
274 971 4
274 996 5
275 70 4
275 100 5
275 127 5
275 259 3
275 286 5
275 313 5
275 381 5
276 4 4
276 26 4
276 33 3
276 56 4
276 63 3
276 67 2
276 72 3
276 73 3
276 80 3
276 83 4
276 88 3
276 168 4
276 173 4
276 175 4
276 186 4
276 202 4
276 204 4
276 209 4
276 211 3
276 216 4
276 232 3
276 238 4
276 239 3
276 288 3
276 294 3
276 300 3
276 328 4
276 343 3
276 367 3
276 386 3
276 435 4
276 579 3
276 648 4
276 655 4
276 692 3
276 710 3
276 712 3
276 715 3
276 734 3
276 738 3
276 748 3
276 765 3
276 781 3
276 790 4
276 792 4
276 890 3
276 944 2
276 999 4
277 20 4
277 25 4
277 36 4
277 49 4
277 88 4
277 90 5
277 237 4
277 255 4
277 282 4
277 289 4
277 294 4
277 369 4
277 553 4
277 709 5
277 722 4
277 731 4
277 732 4
277 756 4
277 781 4
277 846 4
278 1 5
278 7 4
278 17 3
278 23 4
278 26 4
278 28 4
278 40 4
278 42 4
278 48 4
278 50 5
278 65 4
278 69 4
278 72 4
278 77 4
278 79 4
278 81 4
278 93 5
278 98 4
278 111 4
278 122 2
278 134 5
278 143 4
278 145 2
278 151 4
278 160 4
278 161 4
278 188 4
278 196 5
278 216 4
278 218 4
278 219 1
278 222 4
278 231 4
278 237 4
278 238 4
278 255 4
278 276 4
278 282 4
278 288 4
278 300 4
278 318 5
278 327 4
278 340 4
278 350 4
278 354 5
278 357 4
278 367 4
278 369 3
278 381 4
278 392 4
278 403 4
278 410 4
278 412 3
278 427 4
278 447 4
278 451 4
278 467 4
278 469 4
278 518 5
278 568 4
278 591 4
278 604 4
278 616 4
278 655 4
278 658 4
278 673 4
278 684 4
278 743 3
278 763 4
278 843 3
278 866 4
278 959 4
278 975 4
279 1 4
279 8 4
279 24 3
279 28 4
279 31 3
279 50 4
279 54 3
279 55 4
279 58 4
279 66 3
279 70 3
279 71 3
279 79 3
279 82 3
279 88 4
279 89 3
279 95 3
279 96 4
279 97 4
279 100 4
279 101 3
279 108 4
279 111 3
279 117 3
279 118 3
279 121 4
279 122 3
279 127 4
279 133 4
279 135 4
279 144 3
279 147 4
279 148 3
279 153 3
279 161 3
279 164 3
279 168 4
279 172 3
279 173 4
279 174 4
279 175 3
279 176 3
279 177 4
279 179 3
279 180 4
279 181 3
279 182 4
279 183 3
279 185 4
279 187 4
279 188 4
279 189 3
279 190 4
279 195 4
279 197 4
279 198 3
279 201 3
279 204 3
279 209 3
279 210 4
279 211 4
279 213 3
279 215 3
279 216 4
279 228 3
279 230 3
279 241 4
279 248 3
279 249 3
279 255 3
279 257 3
279 258 4
279 261 3
279 264 3
279 265 4
279 266 2
279 270 4
279 272 4
279 274 3
279 281 3
279 282 4
279 286 4
279 288 3
279 294 3
279 295 4
279 298 3
279 300 3
279 304 4
279 325 4
279 328 3
279 356 3
279 358 3
279 380 4
279 385 4
279 398 4
279 405 3
279 421 4
279 422 4
279 423 4
279 436 3
279 455 3
279 463 4
279 472 2
279 479 4
279 483 4
279 489 4
279 510 3
279 511 4
279 523 4
279 526 3
279 528 4
279 535 3
279 546 3
279 566 3
279 588 3
279 602 3
279 604 3
279 616 3
279 629 3
279 632 4
279 640 3
279 651 4
279 655 4
279 680 4
279 688 4
279 692 3
279 727 3
279 732 3
279 739 3
279 748 3
279 751 4
279 752 4
279 840 2
279 879 3
279 931 3
279 945 4
280 8 4
280 12 4
280 64 4
280 89 4
280 96 3
280 100 4
280 114 4
280 127 3
280 165 3
280 172 3
280 174 3
280 175 4
280 183 4
280 190 4
280 191 3
280 213 4
280 234 3
280 237 3
280 257 3
280 258 3
280 265 3
280 272 4
280 298 4
280 347 4
280 462 3
280 479 3
280 483 4
280 504 3
280 510 4
280 511 4
280 517 3
280 603 3
280 615 4
280 642 3
280 661 4
280 705 4
280 863 3
281 4 4
281 42 4
281 50 4
281 66 4
281 70 4
281 86 4
281 100 4
281 153 4
281 163 4
281 173 4
281 190 4
281 197 4
281 204 4
281 207 5
281 210 4
281 216 4
281 283 4
281 313 4
281 318 4
281 322 4
281 367 4
281 427 4
281 430 4
281 479 4
281 484 4
281 505 4
281 507 4
281 524 5
281 648 4
281 650 4
281 659 4
281 678 4
281 692 4
281 780 4
282 127 4
282 257 4
282 269 4
282 288 4
282 295 3
282 298 3
282 311 4
282 315 4
282 346 4
282 876 3
282 881 3
282 988 3
283 1 3
283 12 3
283 20 3
283 99 3
283 107 3
283 109 3
283 116 2
283 121 3
283 151 3
283 180 3
283 195 3
283 197 3
283 199 3
283 229 3
283 230 3
283 250 3
283 257 3
283 270 3
283 271 2
283 274 3
283 275 3
283 277 3
283 286 3
283 290 2
283 313 3
283 318 3
283 365 3
283 380 3
283 405 3
283 449 3
283 450 3
283 462 3
283 480 3
283 538 2
283 582 3
283 612 2
283 743 1
283 900 3
284 1 5
284 7 5
284 9 4
284 15 5
284 24 5
284 25 5
284 28 4
284 29 5
284 50 5
284 51 5
284 53 4
284 56 5
284 69 4
284 70 5
284 71 5
284 73 5
284 79 5
284 82 5
284 94 5
284 96 5
284 97 5
284 98 5
284 111 5
284 122 5
284 135 5
284 136 4
284 141 4
284 143 5
284 144 5
284 150 5
284 151 5
284 168 5
284 173 5
284 174 5
284 181 5
284 195 5
284 202 5
284 204 5
284 216 5
284 222 5
284 227 5
284 229 5
284 234 5
284 235 4
284 237 5
284 248 5
284 250 5
284 252 5
284 255 4
284 257 5
284 258 5
284 274 5
284 275 5
284 293 4
284 294 4
284 300 5
284 313 5
284 315 4
284 318 4
284 343 5
284 385 5
284 392 5
284 399 5
284 405 5
284 419 5
284 422 5
284 427 4
284 431 5
284 449 4
284 451 4
284 463 5
284 472 5
284 510 5
284 550 5
284 554 4
284 560 4
284 562 5
284 568 5
284 578 5
284 588 5
284 597 5
284 625 5
284 651 5
284 655 4
284 665 4
284 679 4
284 692 4
284 699 4
284 746 5
284 778 5
284 823 4
284 829 5
284 849 4
284 879 5
284 924 5
284 926 5
285 288 2
285 289 3
285 303 2
285 307 3
285 313 3
285 319 2
285 321 3
285 326 3
285 330 4
285 347 2
285 748 3
286 1 3
286 3 4
286 7 3
286 10 3
286 13 3
286 14 3
286 15 3
286 93 3
286 109 3
286 111 3
286 121 3
286 123 3
286 124 3
286 125 3
286 127 3
286 129 3
286 137 4
286 146 4
286 147 3
286 150 3
286 151 3
286 181 3
286 220 3
286 221 4
286 235 3
286 236 3
286 237 3
286 245 3
286 248 3
286 250 3
286 255 3
286 257 3
286 258 3
286 262 4
286 264 3
286 270 3
286 273 3
286 275 3
286 276 3
286 277 3
286 280 3
286 282 3
286 284 3
286 285 3
286 286 3
286 287 4
286 295 3
286 298 3
286 299 3
286 300 3
286 305 2
286 319 4
286 321 3
286 322 3
286 327 3
286 331 3
286 332 3
286 333 3
286 460 3
286 471 3
286 475 3
286 476 3
286 508 3
286 591 3
286 595 3
286 597 3
286 620 3
286 628 3
286 678 4
286 689 3
286 690 3
286 696 3
286 717 3
286 718 2
286 742 3
286 748 4
286 762 3
286 766 3
286 818 3
286 823 3
286 846 4
286 864 3
286 872 5
286 874 2
286 879 3
286 880 4
286 882 3
286 886 2
286 887 3
286 924 4
286 935 3
286 936 2
286 975 4
286 994 3
286 995 3
287 1 4
287 2 3
287 3 3
287 4 4
287 12 4
287 17 3
287 25 4
287 28 4
287 31 3
287 38 3
287 42 3
287 43 3
287 45 4
287 48 3
287 49 3
287 50 4
287 55 3
287 58 3
287 66 3
287 68 3
287 69 3
287 71 4
287 73 3
287 76 3
287 77 3
287 79 4
287 81 4
287 82 3
287 87 3
287 88 3
287 92 4
287 95 4
287 96 4
287 97 3
287 99 4
287 100 4
287 111 4
287 117 4
287 121 3
287 125 3
287 128 3
287 133 3
287 136 3
287 140 3
287 143 3
287 144 4
287 150 4
287 160 4
287 161 3
287 172 4
287 174 4
287 176 4
287 179 4
287 181 3
287 183 4
287 188 4
287 191 4
287 194 4
287 195 4
287 196 3
287 202 4
287 206 3
287 215 3
287 216 3
287 218 3
287 222 4
287 226 3
287 227 3
287 230 3
287 232 3
287 237 4
287 239 3
287 249 3
287 252 3
287 255 3
287 257 4
287 258 4
287 259 3
287 260 2
287 265 3
287 270 3
287 272 4
287 273 4
287 276 3
287 280 4
287 282 3
287 286 3
287 288 4
287 289 3
287 293 4
287 294 3
287 298 3
287 300 3
287 318 4
287 333 3
287 347 4
287 356 3
287 366 3
287 367 3
287 378 3
287 402 4
287 411 3
287 412 4
287 423 3
287 432 4
287 455 3
287 462 3
287 470 3
287 471 3
287 474 4
287 501 4
287 540 2
287 541 3
287 546 3
287 549 4
287 550 4
287 566 3
287 572 3
287 578 3
287 588 3
287 591 4
287 596 3
287 597 3
287 620 3
287 627 3
287 628 3
287 651 4
287 652 3
287 658 4
287 672 3
287 679 4
287 684 3
287 685 3
287 686 4
287 692 3
287 710 3
287 713 4
287 727 4
287 732 3
287 735 3
287 739 3
287 742 3
287 747 4
287 748 3
287 768 2
287 772 3
287 779 4
287 781 3
287 790 3
287 794 3
287 820 3
287 823 3
287 833 3
287 845 3
287 921 4
287 932 2
287 939 3
287 941 1
287 955 4
287 956 3
287 978 2
288 1 3
288 8 3
288 9 3
288 11 2
288 22 3
288 28 3
288 33 3
288 58 3
288 64 3
288 69 3
288 70 3
288 83 3
288 87 3
288 96 3
288 98 3
288 111 2
288 133 3
288 135 3
288 154 3
288 164 3
288 168 3
288 172 3
288 173 3
288 176 3
288 180 3
288 181 3
288 182 3
288 183 3
288 185 3
288 186 3
288 190 3
288 196 3
288 198 3
288 199 3
288 200 3
288 203 3
288 207 2
288 208 3
288 210 3
288 211 3
288 222 3
288 228 3
288 230 3
288 238 3
288 243 2
288 245 2
288 258 3
288 260 2
288 265 3
288 269 3
288 289 3
288 292 3
288 299 3
288 304 3
288 318 3
288 328 3
288 333 2
288 357 3
288 358 3
288 385 3
288 405 2
288 414 3
288 419 3
288 429 3
288 434 3
288 468 3
288 474 3
288 480 3
288 485 3
288 491 3
288 493 3
288 496 3
288 498 3
288 500 3
288 510 3
288 511 3
288 514 3
288 515 3
288 520 3
288 521 2
288 523 3
288 526 3
288 527 3
288 568 3
288 605 2
288 612 3
288 655 3
288 659 3
288 662 3
288 692 3
288 707 2
288 724 3
288 732 3
288 748 2
288 776 1
288 845 3
288 880 3
288 890 2
289 243 4
289 258 3
289 259 4
289 260 3
289 261 4
289 263 5
289 264 4
289 266 4
289 268 3
289 270 3
289 271 4
289 272 3
289 286 3
289 288 3
289 289 3
289 292 4
289 294 3
289 301 4
289 302 3
289 303 4
289 308 3
289 310 4
289 313 3
289 315 3
289 316 3
289 321 3
289 324 3
289 325 4
289 326 3
289 327 4
289 330 5
289 331 3
289 332 3
289 333 4
289 334 4
289 339 3
289 340 4
289 342 3
289 343 3
289 349 3
289 353 5
289 355 4
289 358 3
289 457 3
289 538 3
289 539 4
289 678 3
289 681 1
289 682 3
289 687 2
289 689 4
289 750 3
289 751 3
289 752 3
289 872 4
289 873 4
289 874 4
289 875 3
289 881 3
289 883 3
289 887 3
289 890 3
289 892 3
289 902 4
289 908 1
289 948 3
289 988 4
289 989 4
289 991 4
290 1 3
290 7 2
290 9 3
290 15 3
290 50 3
290 93 3
290 117 3
290 124 3
290 126 3
290 127 3
290 150 2
290 151 3
290 181 3
290 224 3
290 237 3
290 246 3
290 257 3
290 258 3
290 273 3
290 277 4
290 284 3
290 286 3
290 292 3
290 293 3
290 298 3
290 302 3
290 333 3
290 410 3
290 475 2
290 515 3
290 596 3
290 764 4
290 847 3
290 919 3
290 926 2
290 993 3
291 7 3
291 19 3
291 45 3
291 100 4
291 124 3
291 129 4
291 236 3
291 237 3
291 258 3
291 273 3
291 286 3
291 340 3
291 475 3
291 657 3
291 900 3
292 45 4
292 56 4
292 64 4
292 69 4
292 83 4
292 97 3
292 100 4
292 124 4
292 127 3
292 134 4
292 137 3
292 185 4
292 186 4
292 187 4
292 192 4
292 193 4
292 205 4
292 221 3
292 242 4
292 285 4
292 286 3
292 318 4
292 479 3
292 482 3
292 483 4
292 492 4
292 511 4
292 523 4
292 527 4
292 531 4
292 654 4
292 657 4
292 772 4
292 923 4
293 1 4
293 7 4
293 11 4
293 12 4
293 22 4
293 24 4
293 48 4
293 50 4
293 56 4
293 59 4
293 60 4
293 61 4
293 65 4
293 69 4
293 71 4
293 79 4
293 82 4
293 91 4
293 95 4
293 96 4
293 98 4
293 100 4
293 115 3
293 117 4
293 118 4
293 121 4
293 124 4
293 127 4
293 150 4
293 156 4
293 168 4
293 171 4
293 172 4
293 173 4
293 174 4
293 175 4
293 176 4
293 180 4
293 181 4
293 182 4
293 183 4
293 188 3
293 191 4
293 192 3
293 195 4
293 196 4
293 201 3
293 209 4
293 210 4
293 222 4
293 234 4
293 235 4
293 238 4
293 239 4
293 250 4
293 252 4
293 257 4
293 258 4
293 260 4
293 264 4
293 265 4
293 271 3
293 273 4
293 275 4
293 284 4
293 288 4
293 298 4
293 300 4
293 318 4
293 323 4
293 327 4
293 328 4
293 343 4
293 357 4
293 369 4
293 405 4
293 411 4
293 423 4
293 431 4
293 455 4
293 462 4
293 475 4
293 483 4
293 527 4
293 528 4
293 546 4
293 550 4
293 597 4
293 647 4
293 652 4
293 684 4
293 687 3
293 693 4
293 742 4
293 746 4
293 751 4
293 754 4
293 762 4
293 763 4
293 876 4
293 886 4
293 890 3
293 925 4
294 1 5
294 9 5
294 15 4
294 64 5
294 65 4
294 86 5
294 98 5
294 100 5
294 126 5
294 174 5
294 183 5
294 191 4
294 194 4
294 222 4
294 237 4
294 286 4
294 289 4
294 294 4
294 322 4
294 357 5
294 479 5
294 507 5
294 528 5
294 748 4
294 924 4
295 2 4
295 4 4
295 11 4
295 29 4
295 44 4
295 50 4
295 53 4
295 54 4
295 56 4
295 62 4
295 64 4
295 68 3
295 69 4
295 71 4
295 79 4
295 84 4
295 86 3
295 88 4
295 89 4
295 90 3
295 91 4
295 94 4
295 95 4
295 98 4
295 101 4
295 109 4
295 120 4
295 127 4
295 132 4
295 133 4
295 139 4
295 140 3
295 144 4
295 145 3
295 147 3
295 153 4
295 155 3
295 157 4
295 158 3
295 161 4
295 162 4
295 163 4
295 167 3
295 168 4
295 172 4
295 173 4
295 174 4
295 176 4
295 179 4
295 181 4
295 184 4
295 186 4
295 188 4
295 191 4
295 195 4
295 200 4
295 201 3
295 202 4
295 214 4
295 216 4
295 217 4
295 219 3
295 222 4
295 226 4
295 227 4
295 228 4
295 229 4
295 230 4
295 231 3
295 232 3
295 234 4
295 235 4
295 265 4
295 282 4
295 288 4
295 357 3
295 379 3
295 380 5
295 385 4
295 386 4
295 389 5
295 391 3
295 392 3
295 395 4
295 402 4
295 403 4
295 404 4
295 413 3
295 416 4
295 417 4
295 421 4
295 423 4
295 431 3
295 433 4
295 435 4
295 444 4
295 447 4
295 449 4
295 452 3
295 465 3
295 470 4
295 472 4
295 478 4
295 479 4
295 496 4
295 501 4
295 504 4
295 505 4
295 507 4
295 523 4
295 550 4
295 559 4
295 566 4
295 575 3
295 581 4
295 616 4
295 622 4
295 629 4
295 642 3
295 650 3
295 658 4
295 660 4
295 665 4
295 671 4
295 674 4
295 679 4
295 684 4
295 705 4
295 732 4
295 742 4
295 768 5
295 770 4
295 790 3
295 796 4
295 797 4
295 831 4
295 843 5
295 924 4
295 944 4
296 7 4
296 10 4
296 17 4
296 33 4
296 38 4
296 39 4
296 42 4
296 50 5
296 53 4
296 56 4
296 64 5
296 77 4
296 87 5
296 96 4
296 97 4
296 98 4
296 99 4
296 109 4
296 132 5
296 133 4
296 135 5
296 136 4
296 141 4
296 142 3
296 143 4
296 147 4
296 150 4
296 154 4
296 156 4
296 158 3
296 164 4
296 172 5
296 173 5
296 181 5
296 183 5
296 186 5
296 204 5
296 222 4
296 227 4
296 228 4
296 229 4
296 246 5
296 268 4
296 288 4
296 318 4
296 356 4
296 378 4
296 380 5
296 393 5
296 417 4
296 418 4
296 420 4
296 421 4
296 433 4
296 469 5
296 480 5
296 484 5
296 485 4
296 509 4
296 526 4
296 528 5
296 532 4
296 554 4
296 561 4
296 607 5
296 625 4
296 633 4
296 727 4
296 743 4
296 746 4
296 774 3
296 825 3
296 921 3
297 1 3
297 2 3
297 3 3
297 11 3
297 12 3
297 13 3
297 19 3
297 24 4
297 25 3
297 28 3
297 31 4
297 38 3
297 39 3
297 54 3
297 56 3
297 66 3
297 67 4
297 70 4
297 71 3
297 72 3
297 77 3
297 79 4
297 80 4
297 87 3
297 89 3
297 94 4
297 95 3
297 96 4
297 97 3
297 98 3
297 99 3
297 100 3
297 101 2
297 105 3
297 108 4
297 109 3
297 114 4
297 118 4
297 122 4
297 127 4
297 139 4
297 145 5
297 152 4
297 153 4
297 155 3
297 161 3
297 163 3
297 164 3
297 167 3
297 168 3
297 173 4
297 174 4
297 175 3
297 181 4
297 183 4
297 185 3
297 186 3
297 187 4
297 188 4
297 189 3
297 194 3
297 195 4
297 197 3
297 202 4
297 204 3
297 208 3
297 217 4
297 222 3
297 225 4
297 227 3
297 228 4
297 229 4
297 230 4
297 233 3
297 234 3
297 240 3
297 242 4
297 248 3
297 250 4
297 252 3
297 257 4
297 258 3
297 260 4
297 268 3
297 273 3
297 274 3
297 288 3
297 291 3
297 325 4
297 358 4
297 363 4
297 364 5
297 373 3
297 381 3
297 382 3
297 384 4
297 385 3
297 386 3
297 393 3
297 395 4
297 399 3
297 403 4
297 405 3
297 407 3
297 408 3
297 412 4
297 418 3
297 423 3
297 431 4
297 432 3
297 451 3
297 452 3
297 455 3
297 465 3
297 472 3
297 475 3
297 501 3
297 508 4
297 510 3
297 526 4
297 540 4
297 545 4
297 549 4
297 550 3
297 552 3
297 559 4
297 562 3
297 566 4
297 568 4
297 570 3
297 575 4
297 577 4
297 578 3
297 588 3
297 590 5
297 597 3
297 603 4
297 625 4
297 627 4
297 645 4
297 651 4
297 652 3
297 655 3
297 657 3
297 679 3
297 692 4
297 716 3
297 721 4
297 722 3
297 724 3
297 731 3
297 741 3
297 748 4
297 758 5
297 765 3
297 771 4
297 780 4
297 781 4
297 783 3
297 790 3
297 792 3
297 797 3
297 802 4
297 808 3
297 809 3
297 810 3
297 840 4
297 849 3
297 864 3
297 940 4
297 943 3
297 1000 3
298 10 4
298 11 4
298 12 3
298 23 3
298 32 3
298 50 3
298 53 3
298 54 3
298 56 3
298 59 3
298 61 3
298 79 3
298 83 3
298 89 3
298 98 4
298 121 3
298 124 3
298 127 4
298 136 4
298 137 3
298 144 3
298 150 3
298 151 3
298 156 3
298 160 3
298 164 3
298 168 3
298 171 3
298 172 3
298 175 3
298 176 3
298 182 3
298 183 3
298 186 4
298 187 4
298 191 3
298 192 4
298 197 4
298 202 3
298 203 3
298 204 3
298 210 3
298 218 3
298 222 3
298 228 3
298 229 3
298 258 3
298 262 4
298 271 3
298 275 3
298 288 3
298 293 3
298 302 4
298 340 2
298 381 3
298 425 4
298 435 4
298 443 3
298 447 3
298 448 3
298 449 3
298 464 3
298 474 3
298 475 4
298 483 4
298 484 4
298 486 3
298 489 4
298 512 3
298 515 3
298 522 3
298 525 4
298 548 3
298 554 3
298 558 3
298 594 4
298 607 3
298 628 4
298 631 3
298 649 3
298 652 4
298 656 4
298 664 3
298 675 3
298 693 3
298 754 2
298 772 3
298 806 4
298 887 4
298 919 3
298 922 3
298 933 3
298 985 3
299 7 4
299 8 4
299 11 4
299 12 4
299 50 4
299 69 4
299 87 4
299 97 4
299 117 4
299 132 4
299 153 4
299 157 4
299 176 4
299 177 4
299 181 4
299 182 4
299 183 4
299 191 4
299 193 4
299 194 4
299 198 4
299 202 4
299 207 5
299 210 4
299 213 4
299 215 4
299 238 4
299 251 4
299 271 4
299 272 4
299 275 4
299 295 3
299 300 4
299 301 3
299 312 4
299 313 4
299 318 4
299 326 4
299 357 4
299 414 3
299 425 4
299 427 4
299 463 4
299 474 4
299 482 4
299 483 4
299 484 4
299 486 3
299 497 4
299 511 4
299 514 4
299 516 4
299 520 5
299 521 4
299 530 4
299 539 4
299 605 4
299 651 4
299 657 4
299 661 4
299 663 4
299 690 4
299 692 4
299 742 4
299 750 4
299 879 4
299 886 4
299 887 4
299 902 5
300 1 4
300 3 4
300 8 4
300 9 4
300 15 4
300 25 4
300 28 4
300 30 3
300 39 4
300 42 4
300 43 5
300 44 4
300 45 4
300 50 4
300 56 4
300 58 4
300 59 4
300 61 4
300 62 4
300 69 4
300 70 4
300 72 4
300 77 4
300 83 4
300 88 4
300 89 4
300 94 4
300 97 4
300 98 4
300 100 4
300 116 4
300 118 4
300 120 5
300 125 4
300 129 4
300 133 4
300 135 4
300 143 4
300 147 4
300 159 4
300 164 4
300 172 4
300 175 4
300 179 4
300 181 4
300 196 4
300 204 4
300 208 4
300 210 4
300 211 4
300 216 4
300 217 5
300 223 3
300 234 4
300 235 4
300 238 4
300 244 4
300 245 4
300 246 4
300 250 4
300 252 4
300 255 4
300 257 4
300 268 4
300 274 4
300 275 4
300 276 4
300 281 4
300 282 4
300 283 4
300 284 4
300 285 4
300 287 5
300 294 4
300 298 4
300 300 4
300 301 4
300 304 4
300 316 3
300 319 4
300 325 4
300 381 4
300 386 5
300 387 5
300 393 4
300 396 4
300 405 4
300 407 4
300 412 4
300 421 4
300 448 4
300 464 5
300 469 5
300 471 4
300 472 4
300 475 4
300 476 4
300 479 4
300 498 4
300 509 4
300 514 4
300 517 4
300 522 4
300 529 4
300 531 4
300 535 3
300 553 4
300 559 5
300 568 4
300 569 4
300 584 4
300 611 4
300 619 4
300 639 4
300 640 4
300 660 4
300 662 4
300 665 4
300 699 4
300 709 4
300 714 3
300 721 5
300 729 4
300 735 4
300 739 4
300 742 4
300 762 4
300 768 5
300 775 4
300 780 4
300 781 4
300 815 4
300 821 4
300 827 4
300 836 5
300 845 4
300 930 5
300 964 5
300 971 3
300 988 4
300 996 4
