301 191 4
301 204 4
301 269 4
301 283 3
301 423 4
301 484 4
301 515 4
301 604 4
302 243 3
302 269 4
302 286 4
302 313 4
302 315 4
302 326 3
302 328 3
302 333 3
302 678 3
303 258 4
303 268 4
303 269 4
303 294 4
303 300 4
303 303 4
303 305 4
303 325 4
303 333 4
303 340 4
303 682 3
303 995 4
304 64 5
304 143 4
304 194 4
304 245 4
304 286 4
304 418 4
304 480 4
304 492 4
304 604 4
304 606 4
304 705 4
305 137 4
305 272 4
305 327 3
305 650 4
305 651 4
305 750 4
305 886 4
306 121 4
306 126 4
306 127 4
306 151 4
306 252 3
306 289 3
306 405 3
306 924 3
307 111 4
307 118 4
307 181 4
307 220 3
307 252 4
307 258 4
307 298 4
307 301 4
307 471 4
307 476 3
307 546 3
307 845 4
307 926 2
308 245 3
308 288 4
308 300 4
308 873 2
308 879 4
309 268 4
309 270 3
309 292 3
309 300 4
309 302 4
309 310 4
309 313 4
309 332 3
309 346 4
309 682 2
309 690 3
309 880 4
310 21 2
310 94 4
310 181 4
310 240 3
310 300 4
310 596 3
310 597 3
311 64 4
311 111 4
311 151 4
311 251 4
311 257 4
311 272 4
311 750 4
311 751 4
312 1 4
312 9 4
312 100 4
312 129 4
312 268 4
312 276 4
312 286 4
312 300 4
312 742 4
313 243 3
313 286 4
313 288 3
313 310 4
313 313 4
313 315 4
313 323 4
313 333 4
313 748 4
314 258 4
314 272 4
314 288 4
314 319 4
314 362 4
314 882 4
314 891 2
315 243 3
315 259 3
315 288 4
315 294 4
315 321 4
315 339 4
315 342 4
315 359 2
315 410 4
315 597 4
315 687 4
315 875 4
315 988 3
316 14 4
316 237 4
316 245 3
316 272 4
316 313 4
316 321 4
316 676 4
317 272 4
317 315 4
317 316 4
317 319 4
317 345 4
318 98 4
318 173 4
318 245 4
318 269 4
318 286 4
318 288 4
318 294 4
318 301 4
318 313 4
318 315 4
318 347 4
318 752 4
319 271 4
319 288 3
319 289 3
319 301 3
319 304 4
319 308 3
319 310 4
319 331 3
319 338 3
319 877 3
319 938 2
319 989 2
320 269 4
320 271 3
320 288 4
320 294 3
320 300 4
320 305 4
320 325 3
320 327 4
320 333 4
320 343 3
320 890 2
321 100 4
321 150 4
321 151 4
321 168 4
321 191 4
321 194 4
321 198 4
321 205 4
321 222 4
321 276 4
321 288 4
321 313 4
321 682 2
321 902 3
322 1 4
322 24 3
322 147 4
322 254 3
322 405 3
322 410 3
322 471 4
322 473 3
322 742 4
323 100 4
323 264 4
323 328 4
323 456 4
323 687 2
323 876 3
323 881 3
323 948 2
324 245 2
324 270 4
324 289 2
324 294 2
324 309 2
324 322 2
324 328 3
324 879 3
325 237 4
325 271 3
325 278 3
325 288 3
325 298 4
325 300 4
325 313 4
325 328 4
325 343 3
325 682 3
325 742 4
325 763 3
326 13 4
326 25 4
326 100 4
326 111 4
326 116 4
326 150 4
326 235 3
326 283 4
326 306 4
326 476 4
326 756 2
327 258 4
327 300 4
327 303 4
327 319 4
327 333 4
327 334 3
328 14 4
328 50 4
328 222 4
328 258 4
328 748 4
328 832 4
328 845 4
329 245 4
329 264 3
329 268 4
329 322 4
329 323 4
329 328 4
329 354 4
329 678 3
329 748 3
329 879 4
330 259 2
330 267 4
330 268 4
330 301 4
330 306 4
330 333 4
330 338 3
330 346 4
330 682 2
330 751 4
330 879 4
331 1 4
331 5 4
331 7 4
331 8 4
331 9 4
331 11 4
331 12 4
331 22 4
331 31 4
331 38 4
331 53 4
331 54 4
331 56 4
331 70 4
331 73 4
331 77 4
331 79 4
331 82 4
331 95 4
331 96 4
331 97 4
331 98 4
331 105 3
331 106 4
331 117 4
331 118 4
331 120 3
331 121 4
331 122 3
331 123 4
331 125 4
331 127 4
331 144 4
331 156 4
331 159 4
331 172 4
331 174 5
331 181 4
331 182 4
331 204 4
331 210 4
331 218 4
331 222 4
331 227 4
331 228 4
331 229 4
331 230 4
331 232 4
331 233 4
331 234 4
331 235 3
331 237 4
331 240 4
331 249 4
331 255 4
331 257 4
331 258 4
331 264 4
331 265 4
331 271 4
331 273 4
331 282 4
331 288 4
331 291 4
331 293 4
331 294 4
331 295 4
331 298 4
331 300 4
331 307 4
331 313 5
331 322 4
331 323 4
331 326 4
331 327 4
331 328 4
331 332 4
331 333 4
331 342 4
331 356 4
331 369 3
331 370 4
331 405 4
331 406 3
331 409 4
331 410 4
331 449 4
331 450 3
331 451 4
331 452 4
331 456 3
331 470 4
331 546 4
331 566 4
331 595 4
331 597 4
331 628 4
331 651 4
331 655 4
331 660 4
331 673 4
331 679 4
331 684 4
331 693 4
331 696 4
331 728 4
331 746 4
331 756 4
331 763 4
331 770 4
331 815 4
331 824 4
331 827 4
331 831 4
331 833 4
331 840 4
331 841 3
331 845 4
331 866 4
331 871 4
331 879 4
331 895 4
331 928 4
331 931 2
331 934 4
331 975 4
331 978 3
331 982 3
331 983 3
332 88 4
332 153 4
332 168 4
332 180 4
332 186 4
332 269 4
332 294 4
332 315 4
332 316 4
332 435 4
332 513 4
332 748 3
332 873 2
333 4 4
333 7 4
333 8 4
333 9 4
333 12 5
333 13 4
333 19 4
333 20 4
333 22 4
333 23 4
333 28 4
333 42 4
333 50 4
333 52 4
333 56 4
333 58 4
333 59 5
333 61 4
333 68 4
333 69 4
333 70 4
333 72 4
333 73 4
333 74 2
333 77 4
333 79 4
333 81 4
333 86 4
333 89 4
333 91 4
333 93 4
333 95 4
333 98 4
333 100 4
333 111 4
333 115 4
333 116 4
333 117 4
333 124 4
333 125 4
333 127 4
333 131 4
333 132 4
333 134 4
333 135 4
333 143 4
333 150 4
333 153 4
333 154 4
333 155 3
333 160 4
333 163 4
333 164 4
333 168 4
333 169 4
333 170 4
333 171 4
333 172 4
333 173 4
333 174 5
333 175 4
333 176 4
333 181 4
333 182 4
333 183 4
333 185 4
333 186 4
333 191 4
333 196 4
333 197 4
333 200 4
333 203 4
333 204 4
333 207 4
333 210 4
333 213 4
333 216 4
333 217 4
333 220 4
333 221 4
333 222 4
333 223 4
333 224 4
333 225 4
333 227 3
333 228 4
333 229 4
333 230 4
333 231 4
333 235 3
333 237 4
333 238 4
333 239 4
333 244 3
333 245 4
333 248 4
333 250 4
333 255 4
333 257 4
333 258 4
333 265 4
333 268 4
333 269 4
333 271 3
333 272 4
333 275 4
333 276 4
333 277 3
333 282 4
333 283 4
333 285 4
333 286 4
333 287 4
333 288 4
333 289 4
333 293 4
333 297 4
333 300 4
333 301 4
333 303 4
333 305 4
333 306 4
333 310 4
333 311 4
333 312 4
333 313 4
333 315 4
333 316 4
333 317 4
333 318 4
333 319 4
333 322 4
333 324 4
333 326 4
333 328 4
333 333 4
333 337 4
333 338 3
333 340 4
333 345 4
333 346 4
333 347 4
333 371 4
333 396 4
333 405 4
333 408 4
333 421 4
333 423 4
333 425 4
333 428 4
333 429 4
333 430 4
333 433 4
333 436 4
333 443 4
333 449 4
333 450 2
333 461 4
333 462 4
333 474 4
333 475 4
333 476 3
333 481 4
333 483 5
333 484 4
333 485 4
333 488 4
333 494 4
333 498 4
333 500 4
333 502 4
333 505 4
333 506 4
333 508 4
333 510 4
333 512 4
333 514 4
333 515 4
333 521 4
333 525 5
333 529 4
333 537 4
333 553 4
333 558 3
333 566 4
333 577 4
333 582 4
333 591 4
333 603 4
333 606 4
333 607 4
333 620 4
333 628 4
333 629 4
333 631 4
333 634 4
333 635 2
333 640 4
333 642 4
333 652 4
333 655 4
333 657 4
333 658 4
333 663 4
333 675 4
333 678 3
333 684 4
333 689 3
333 693 4
333 707 4
333 708 4
333 709 4
333 710 3
333 712 4
333 716 4
333 736 4
333 740 4
333 742 4
333 744 4
333 746 4
333 753 4
333 762 4
333 792 4
333 815 3
333 840 3
333 845 4
333 846 4
333 855 4
333 856 4
333 865 5
333 870 4
333 877 3
333 879 4
333 886 4
333 887 4
333 888 3
333 896 4
333 899 4
333 902 4
333 905 4
333 906 4
333 922 4
333 931 2
333 936 5
333 937 4
333 945 4
333 950 3
333 955 4
333 961 4
333 969 3
334 245 4
334 258 4
334 269 4
334 288 4
334 307 4
334 313 4
334 324 4
334 342 3
334 347 4
334 748 4
334 902 3
335 3 3
335 4 4
335 13 4
335 15 4
335 26 4
335 33 4
335 41 3
335 42 4
335 49 3
335 56 4
335 66 4
335 67 3
335 88 4
335 94 4
335 100 4
335 105 2
335 111 4
335 117 4
335 121 4
335 122 2
335 124 4
335 125 4
335 151 4
335 153 4
335 154 4
335 158 3
335 168 4
335 186 4
335 202 4
335 208 4
335 216 4
335 232 3
335 237 4
335 239 4
335 275 4
335 276 4
335 282 4
335 284 3
335 290 4
335 367 3
335 383 2
335 388 2
335 395 3
335 401 3
335 405 3
335 410 3
335 451 4
335 475 4
335 546 3
335 571 3
335 577 3
335 619 4
335 628 4
335 655 4
335 692 4
335 710 3
335 722 3
335 732 4
335 738 3
335 742 4
335 762 3
335 763 3
335 765 3
335 780 3
335 781 4
335 785 3
335 790 4
335 796 3
335 824 2
335 859 2
335 864 3
335 959 4
335 998 3
335 999 4
336 15 4
336 50 4
336 106 4
336 121 4
336 127 4
336 181 4
336 228 4
336 230 4
336 235 3
336 257 4
336 371 4
336 380 4
336 392 4
336 515 4
336 520 4
336 631 4
336 742 4
336 831 2
337 1 4
337 56 4
337 79 4
337 83 4
337 132 4
337 133 4
337 134 4
337 135 4
337 168 4
337 170 4
337 174 4
337 175 4
337 180 4
337 189 4
337 194 4
337 204 4
337 208 4
337 211 4
337 212 4
337 213 4
337 215 4
337 216 4
337 269 4
337 294 4
337 301 4
337 306 4
337 310 4
337 435 4
337 443 4
337 462 4
337 474 4
337 480 4
337 483 4
337 484 4
337 486 4
337 488 4
337 490 4
337 494 4
337 498 4
337 511 4
337 513 4
337 514 4
337 516 4
337 523 4
337 525 5
337 582 4
337 604 4
337 607 4
337 613 4
337 650 4
337 654 4
337 708 4
337 792 4
337 945 4
338 1 4
338 4 4
338 5 4
338 7 4
338 11 4
338 12 4
338 22 4
338 23 4
338 25 4
338 28 4
338 29 4
338 30 4
338 32 4
338 42 4
338 47 4
338 50 4
338 55 4
338 56 4
338 58 4
338 64 4
338 65 4
338 67 4
338 69 4
338 73 4
338 74 2
338 76 4
338 79 4
338 80 4
338 81 4
338 82 4
338 86 4
338 88 4
338 89 4
338 91 4
338 97 4
338 98 4
338 100 5
338 101 4
338 117 4
338 121 4
338 124 4
338 126 4
338 127 4
338 130 4
338 131 4
338 132 4
338 133 4
338 134 4
338 135 4
338 136 4
338 139 4
338 144 4
338 145 4
338 150 4
338 151 4
338 153 4
338 154 4
338 156 4
338 157 4
338 159 4
338 160 4
338 161 4
338 163 4
338 167 4
338 168 4
338 170 4
338 174 4
338 175 4
338 179 4
338 180 4
338 181 4
338 183 4
338 186 4
338 188 4
338 190 4
338 191 4
338 192 4
338 194 4
338 195 4
338 196 4
338 197 4
338 198 4
338 199 4
338 203 4
338 204 4
338 205 4
338 208 4
338 209 4
338 214 4
338 222 4
338 226 4
338 227 4
338 228 4
338 231 4
338 233 4
338 235 4
338 238 4
338 240 4
338 248 4
338 257 4
338 258 4
338 265 4
338 269 4
338 270 4
338 276 4
338 286 4
338 288 4
338 298 4
338 302 4
338 317 4
338 327 4
338 347 4
338 357 4
338 380 4
338 383 4
338 402 4
338 403 4
338 404 4
338 410 4
338 411 4
338 415 4
338 427 4
338 428 4
338 431 4
338 433 4
338 435 4
338 436 4
338 447 4
338 449 4
338 451 4
338 461 4
338 469 4
338 474 4
338 475 4
338 478 4
338 479 4
338 483 4
338 484 4
338 485 4
338 496 4
338 498 4
338 503 4
338 508 4
338 509 4
338 514 4
338 515 4
338 516 4
338 521 4
338 522 4
338 523 4
338 525 4
338 527 4
338 528 4
338 530 4
338 546 4
338 549 4
338 550 4
338 566 4
338 568 4
338 573 4
338 582 4
338 603 4
338 607 4
338 614 4
338 631 4
338 632 4
338 636 4
338 637 4
338 640 4
338 642 4
338 649 4
338 650 4
338 655 4
338 657 4
338 661 4
338 663 4
338 673 4
338 675 4
338 678 4
338 693 4
338 702 4
338 709 4
338 719 4
338 735 4
338 737 4
338 739 4
338 770 4
338 772 4
338 806 4
338 823 4
338 845 4
338 856 4
338 939 4
338 942 4
338 961 4
339 1 4
339 15 4
339 50 4
339 66 4
339 71 4
339 143 4
339 172 4
339 174 4
339 179 4
339 181 4
339 205 4
339 215 4
339 265 4
339 274 4
339 402 4
339 405 4
339 423 4
339 435 4
339 486 4
339 502 4
339 504 4
339 520 4
339 526 4
339 584 4
339 662 4
339 946 4
340 3 3
340 4 4
340 7 4
340 8 4
340 11 4
340 13 4
340 15 4
340 23 4
340 25 3
340 26 4
340 28 4
340 47 4
340 56 4
340 58 4
340 68 3
340 92 4
340 93 4
340 95 4
340 98 4
340 100 4
340 108 4
340 111 4
340 122 2
340 123 3
340 124 4
340 129 4
340 131 4
340 132 4
340 133 4
340 134 4
340 135 4
340 143 4
340 144 4
340 156 4
340 160 4
340 174 4
340 175 4
340 179 4
340 188 4
340 189 4
340 191 4
340 192 4
340 193 4
340 194 4
340 196 4
340 197 4
340 204 4
340 208 4
340 209 4
340 212 4
340 216 4
340 223 4
340 237 4
340 238 4
340 240 3
340 248 4
340 251 4
340 255 3
340 257 4
340 262 3
340 274 4
340 276 3
340 282 4
340 286 4
340 287 4
340 288 4
340 289 3
340 294 3
340 297 3
340 298 3
340 301 3
340 319 4
340 320 2
340 326 3
340 327 3
340 367 4
340 378 4
340 381 4
340 382 4
340 408 4
340 412 4
340 421 4
340 423 4
340 427 4
340 433 4
340 461 4
340 483 4
340 487 4
340 496 4
340 499 4
340 508 4
340 517 4
340 518 4
340 523 4
340 531 4
340 535 2
340 544 3
340 547 2
340 558 2
340 574 3
340 581 4
340 584 3
340 591 4
340 606 4
340 607 4
340 654 4
340 655 4
340 656 4
340 657 4
340 663 4
340 692 4
340 699 4
340 723 3
340 724 4
340 727 4
340 732 4
340 746 4
340 756 3
340 762 3
340 764 2
340 772 2
340 789 4
340 792 4
340 813 4
340 818 2
340 844 2
340 846 3
340 866 3
340 873 2
340 875 2
340 928 3
340 950 3
340 965 4
340 975 3
341 1 4
341 4 4
341 7 4
341 8 4
341 9 4
341 10 4
341 11 4
341 12 4
341 20 4
341 23 4
341 25 4
341 26 4
341 28 4
341 38 4
341 42 4
341 44 4
341 47 4
341 48 4
341 50 4
341 52 4
341 53 4
341 55 4
341 56 4
341 57 4
341 58 4
341 62 4
341 63 4
341 65 4
341 66 4
341 67 4
341 68 4
341 69 4
341 76 4
341 77 4
341 79 4
341 81 4
341 82 4
341 83 4
341 86 4
341 87 4
341 90 4
341 97 4
341 98 4
341 100 4
341 117 4
341 118 4
341 121 4
341 124 4
341 127 4
341 132 4
341 134 4
341 135 4
341 137 4
341 143 4
341 144 4
341 147 4
341 152 4
341 153 4
341 155 4
341 156 4
341 159 4
341 163 4
341 164 4
341 168 4
341 169 4
341 174 4
341 176 4
341 177 4
341 179 4
341 180 4
341 186 4
341 187 4
341 188 4
341 189 4
341 193 4
341 194 4
341 196 4
341 197 4
341 199 4
341 200 4
341 208 4
341 211 4
341 214 4
341 223 4
341 228 4
341 229 4
341 231 4
341 234 4
341 235 4
341 236 4
341 237 4
341 241 4
341 250 4
341 257 4
341 265 4
341 269 4
341 275 4
341 276 4
341 277 4
341 283 4
341 288 4
341 297 4
341 302 4
341 303 4
341 306 4
341 318 4
341 324 3
341 333 4
341 334 4
341 357 4
341 358 4
341 371 4
341 375 4
341 382 4
341 385 4
341 405 4
341 408 4
341 410 4
341 423 4
341 427 4
341 429 4
341 435 4
341 449 4
341 461 4
341 462 4
341 463 4
341 471 4
341 473 4
341 474 4
341 475 4
341 476 4
341 483 4
341 498 4
341 499 4
341 508 4
341 510 4
341 515 4
341 521 4
341 523 4
341 527 4
341 528 4
341 530 4
341 536 4
341 546 4
341 555 4
341 559 4
341 561 3
341 568 4
341 569 4
341 581 4
341 582 4
341 606 4
341 614 4
341 631 4
341 642 4
341 654 4
341 655 4
341 657 4
341 660 4
341 684 4
341 702 4
341 703 4
341 708 4
341 712 3
341 724 4
341 727 4
341 729 4
341 739 4
341 744 4
341 747 4
341 778 4
341 786 4
341 792 4
341 823 4
341 919 4
341 921 4
341 930 3
341 931 3
341 943 4
341 950 2
341 951 4
341 961 4
341 980 3
342 1 4
342 4 4
342 5 3
342 8 4
342 9 4
342 11 4
342 12 4
342 13 3
342 14 4
342 22 4
342 25 4
342 26 4
342 39 3
342 45 4
342 58 4
342 70 4
342 71 4
342 73 4
342 79 4
342 86 4
342 87 4
342 88 4
342 89 4
342 95 4
342 96 4
342 97 4
342 98 4
342 111 4
342 118 3
342 119 5
342 121 4
342 122 3
342 124 4
342 125 4
342 127 4
342 129 4
342 132 4
342 137 4
342 151 4
342 169 4
342 172 4
342 174 4
342 176 4
342 181 4
342 183 4
342 190 4
342 191 4
342 195 4
342 196 4
342 198 4
342 202 4
342 203 4
342 204 4
342 208 4
342 210 4
342 216 4
342 222 4
342 228 4
342 235 3
342 237 4
342 244 3
342 245 3
342 246 4
342 248 4
342 251 4
342 255 3
342 268 4
342 269 4
342 272 4
342 273 4
342 275 4
342 276 4
342 278 3
342 280 3
342 281 3
342 283 4
342 284 3
342 285 4
342 286 4
342 288 3
342 291 3
342 295 4
342 297 4
342 298 3
342 301 4
342 303 4
342 304 4
342 311 4
342 313 4
342 315 4
342 316 4
342 322 3
342 357 4
342 367 4
342 385 4
342 405 3
342 421 4
342 433 4
342 451 4
342 459 4
342 462 4
342 471 4
342 472 3
342 476 3
342 477 3
342 478 4
342 479 4
342 486 4
342 487 4
342 494 4
342 508 4
342 509 4
342 511 4
342 516 4
342 535 4
342 537 4
342 559 4
342 562 4
342 568 4
342 597 3
342 619 3
342 647 4
342 660 4
342 663 4
342 678 3
342 684 4
342 694 4
342 696 3
342 707 4
342 708 4
342 709 4
342 713 4
342 716 4
342 742 4
342 751 3
342 764 4
342 815 3
342 844 4
342 845 4
342 864 3
342 926 2
342 928 3
342 955 4
342 972 4
343 1 4
343 4 4
343 5 4
343 9 4
343 11 4
343 15 4
343 25 4
343 26 4
343 28 4
343 33 4
343 43 4
343 44 4
343 48 4
343 49 4
343 50 4
343 51 4
343 56 4
343 64 4
343 65 4
343 66 4
343 69 4
343 71 4
343 77 3
343 79 4
343 81 4
343 87 4
343 88 4
343 93 4
343 98 4
343 100 4
343 111 4
343 117 4
343 118 4
343 124 4
343 125 4
343 126 4
343 131 4
343 132 4
343 137 4
343 143 4
343 148 4
343 151 4
343 170 4
343 172 4
343 173 4
343 174 4
343 191 4
343 196 4
343 197 4
343 202 4
343 204 4
343 216 4
343 220 4
343 221 4
343 223 4
343 226 4
343 235 3
343 237 4
343 239 4
343 241 4
343 245 4
343 246 4
343 251 4
343 255 4
343 262 3
343 268 4
343 269 4
343 272 4
343 278 4
343 280 4
343 282 4
343 283 4
343 284 4
343 285 4
343 287 3
343 288 4
343 289 4
343 291 3
343 293 4
343 294 4
343 295 4
343 297 4
343 298 4
343 300 4
343 301 4
343 302 4
343 303 4
343 305 4
343 311 3
343 312 4
343 313 4
343 315 4
343 317 4
343 323 4
343 332 3
343 333 4
343 356 4
343 365 4
343 367 4
343 378 4
343 381 4
343 382 4
343 387 4
343 402 4
343 403 4
343 405 4
343 416 3
343 433 4
343 443 4
343 451 4
343 461 4
343 464 5
343 471 4
343 473 4
343 476 4
343 479 4
343 481 4
343 485 4
343 498 4
343 508 4
343 518 4
343 534 4
343 535 4
343 550 4
343 559 4
343 566 4
343 568 4
343 582 4
343 588 4
343 620 4
343 639 4
343 651 4
343 655 4
343 660 4
343 676 4
343 696 4
343 702 3
343 708 4
343 709 4
343 715 4
343 716 4
343 722 4
343 732 4
343 736 4
343 737 4
343 738 3
343 739 4
343 742 4
343 744 4
343 747 4
343 748 4
343 772 3
343 781 4
343 845 4
343 846 4
343 866 4
343 879 4
343 886 4
343 903 3
343 919 4
343 949 4
343 955 4
343 956 3
343 972 4
343 988 2
344 2 3
344 3 3
344 4 4
344 7 4
344 11 4
344 12 4
344 17 3
344 22 4
344 29 3
344 31 4
344 33 4
344 38 3
344 53 3
344 54 3
344 55 4
344 56 4
344 62 3
344 64 4
344 67 3
344 72 4
344 76 4
344 77 4
344 83 4
344 91 3
344 92 4
344 94 3
344 97 4
344 98 4
344 100 4
344 117 4
344 120 2
344 121 4
344 127 4
344 128 3
344 132 4
344 133 4
344 134 4
344 141 4
344 143 4
344 144 4
344 147 4
344 153 4
344 156 4
344 157 4
344 158 3
344 161 4
344 167 3
344 168 4
344 172 4
344 173 4
344 174 4
344 176 4
344 181 4
344 183 4
344 184 3
344 186 4
344 187 4
344 188 4
344 203 4
344 204 4
344 210 4
344 211 4
344 213 4
344 215 4
344 216 4
344 218 4
344 219 3
344 232 3
344 234 4
344 237 4
344 241 3
344 245 3
344 250 3
344 259 2
344 265 4
344 273 4
344 276 4
344 288 3
344 291 3
344 293 4
344 294 3
344 300 4
344 302 4
344 318 4
344 322 3
344 325 3
344 333 3
344 358 3
344 363 3
344 366 4
344 369 2
344 375 3
344 385 4
344 391 3
344 392 4
344 403 4
344 405 3
344 415 2
344 423 4
344 431 4
344 455 3
344 470 3
344 496 4
344 518 4
344 520 4
344 541 2
344 546 3
344 549 4
344 561 2
344 569 3
344 571 2
344 572 3
344 576 3
344 578 3
344 582 4
344 616 3
344 636 4
344 642 4
344 657 4
344 669 2
344 673 4
344 684 4
344 685 3
344 708 4
344 712 4
344 727 3
344 732 4
344 739 3
344 743 2
344 746 4
344 748 3
344 780 2
344 785 3
344 802 3
344 809 4
344 831 2
344 842 3
344 879 3
344 932 2
344 944 3
344 951 3
344 959 4
344 977 2
345 1 4
345 7 4
345 12 4
345 15 4
345 17 4
345 22 4
345 24 4
345 25 4
345 28 4
345 31 4
345 50 4
345 55 4
345 56 4
345 68 4
345 70 4
345 73 4
345 76 4
345 77 4
345 79 4
345 82 4
345 85 4
345 87 4
345 91 4
345 96 4
345 97 4
345 99 4
345 100 4
345 117 4
345 118 4
345 125 4
345 127 4
345 132 4
345 137 4
345 144 4
345 151 4
345 156 4
345 157 4
345 158 4
345 159 4
345 163 4
345 164 4
345 168 4
345 172 4
345 173 4
345 174 4
345 176 4
345 177 4
345 181 4
345 182 4
345 183 4
345 187 4
345 188 4
345 192 4
345 195 4
345 200 4
345 203 4
345 204 4
345 208 4
345 215 4
345 222 4
345 226 4
345 227 4
345 233 4
345 235 2
345 239 4
345 240 4
345 245 4
345 246 4
345 252 4
345 257 4
345 258 4
345 268 4
345 271 4
345 273 4
345 276 4
345 280 4
345 286 4
345 288 4
345 290 4
345 293 4
345 294 4
345 298 4
345 300 4
345 317 4
345 318 4
345 323 4
345 324 4
345 328 4
345 333 4
345 356 4
345 369 2
345 371 4
345 385 4
345 386 4
345 392 4
345 403 4
345 404 4
345 405 4
345 410 4
345 416 3
345 423 4
345 432 4
345 435 4
345 460 2
345 462 4
345 465 4
345 468 4
345 470 4
345 472 3
345 475 4
345 501 4
345 508 4
345 544 3
345 550 4
345 568 4
345 588 4
345 595 4
345 597 4
345 609 4
345 655 4
345 660 4
345 685 4
345 686 4
345 689 4
345 692 4
345 699 4
345 721 3
345 735 4
345 742 4
345 756 4
345 763 4
345 806 4
345 819 4
345 820 3
345 827 4
345 829 4
345 831 2
345 841 2
345 871 3
345 879 3
345 928 4
345 930 3
345 943 4
345 959 4
345 977 3
345 982 2
346 1 4
346 7 4
346 15 4
346 25 4
346 100 4
346 107 4
346 111 4
346 118 4
346 121 4
346 126 4
346 147 4
346 225 4
346 240 3
346 276 4
346 288 4
346 294 4
346 323 4
346 368 2
346 370 3
346 409 4
346 411 3
346 412 3
346 472 4
346 473 3
346 476 2
346 546 4
346 628 4
346 742 4
346 819 4
346 831 2
346 834 2
346 924 3
346 926 2
346 928 4
346 974 4
346 975 4
346 988 2
347 9 4
347 10 4
347 118 4
347 121 4
347 125 4
347 126 4
347 237 4
347 325 4
347 370 2
347 412 2
347 455 4
347 458 4
347 471 4
347 475 4
347 596 4
347 744 4
347 847 4
348 1 4
348 23 4
348 89 4
348 98 4
348 132 4
348 133 4
348 136 4
348 168 4
348 172 4
348 176 4
348 183 4
348 193 4
348 195 4
348 204 4
348 210 4
348 214 4
348 228 4
348 265 4
348 271 4
348 324 4
348 340 4
348 435 4
348 479 4
348 480 4
348 483 4
348 489 4
348 530 4
348 589 4
348 604 4
348 616 4
348 654 4
348 657 4
349 288 4
349 289 4
349 292 4
349 300 4
349 301 4
349 310 4
349 312 3
349 313 4
349 326 4
349 327 4
349 332 4
349 341 2
349 343 4
349 359 3
349 538 3
349 748 4
349 750 4
349 754 4
349 873 2
349 879 4
349 880 3
349 882 3
349 888 3
349 984 4
349 989 3
349 990 4
350 4 4
350 7 4
350 12 4
350 17 4
350 39 4
350 55 4
350 56 4
350 79 4
350 86 4
350 89 4
350 92 4
350 96 4
350 98 4
350 129 4
350 144 4
350 156 4
350 173 4
350 182 4
350 194 4
350 195 4
350 216 4
350 228 4
350 234 4
350 302 4
350 385 4
350 568 4
350 657 4
350 692 4
351 245 4
351 260 2
351 271 3
351 272 4
351 300 4
351 315 4
351 326 4
351 327 4
351 328 4
351 332 4
351 333 4
351 343 3
351 905 3
352 7 4
352 9 4
352 14 4
352 19 4
352 20 4
352 25 4
352 32 4
352 42 4
352 47 4
352 50 4
352 52 4
352 57 4
352 58 4
352 59 4
352 60 4
352 61 4
352 66 4
352 70 4
352 79 4
352 81 4
352 83 4
352 86 4
352 87 4
352 88 4
352 93 4
352 100 4
352 109 4
352 116 4
352 124 4
352 131 4
352 133 4
352 134 4
352 135 4
352 136 4
352 137 4
352 143 4
352 149 3
352 151 4
352 152 4
352 153 4
352 154 4
352 155 3
352 162 4
352 166 4
352 168 4
352 169 4
352 171 4
352 173 4
352 174 4
352 175 4
352 180 4
352 186 4
352 189 4
352 190 4
352 191 4
352 193 4
352 197 4
352 199 4
352 202 4
352 208 4
352 209 4
352 211 4
352 213 4
352 216 4
352 238 4
352 242 4
352 246 4
352 248 4
352 251 4
352 255 4
352 257 4
352 258 4
352 268 4
352 269 4
352 270 4
352 272 4
352 275 4
352 276 4
352 281 4
352 286 4
352 287 4
352 297 4
352 303 4
352 305 4
352 306 4
352 308 4
352 311 4
352 313 4
352 318 4
352 344 4
352 381 4
352 382 4
352 387 4
352 414 4
352 421 4
352 423 4
352 428 4
352 429 4
352 435 4
352 462 4
352 463 4
352 464 4
352 473 4
352 478 4
352 479 4
352 480 4
352 483 4
352 485 4
352 487 4
352 489 4
352 494 4
352 496 4
352 497 4
352 498 4
352 507 4
352 508 4
352 509 4
352 511 4
352 513 4
352 515 4
352 516 4
352 518 4
352 520 4
352 529 4
352 531 4
352 533 4
352 558 4
352 582 4
352 584 4
352 603 4
352 604 4
352 605 4
352 606 4
352 607 4
352 629 4
352 631 3
352 638 4
352 650 4
352 651 4
352 652 4
352 657 4
352 659 4
352 660 4
352 661 4
352 692 4
352 694 4
352 699 4
352 702 3
352 705 4
352 707 4
352 709 4
352 716 4
352 732 4
352 733 4
352 735 4
352 736 4
352 737 3
352 740 4
352 753 4
352 792 4
352 811 4
352 847 4
352 855 4
352 863 4
352 865 5
352 882 2
352 889 4
352 900 4
352 904 4
352 929 3
352 953 3
352 956 3
352 958 4
352 962 2
353 242 4
353 264 3
353 288 4
353 300 4
353 328 4
353 329 4
353 360 4
353 681 3
353 882 4
354 272 4
354 292 3
354 313 4
354 316 4
354 326 3
354 328 3
354 333 3
354 689 3
354 748 3
355 1 4
355 7 4
355 10 4
355 24 4
355 105 3
355 117 4
355 118 4
355 123 4
355 125 4
355 126 4
355 147 4
355 150 4
355 151 4
355 220 4
355 222 4
355 245 4
355 258 4
355 270 4
355 273 4
355 274 4
355 275 4
355 280 4
355 284 4
355 291 4
355 322 4
355 326 4
355 334 4
355 405 4
355 407 3
355 411 4
355 455 4
355 456 3
355 471 4
355 472 4
355 473 4
355 476 3
355 546 4
355 595 4
355 687 3
355 713 4
355 742 4
355 744 4
355 760 3
355 819 4
355 820 4
355 831 3
355 833 4
355 866 4
355 932 2
355 977 3
355 984 4
356 8 4
356 65 4
356 127 4
356 132 4
356 174 4
356 179 4
356 213 4
356 268 4
356 318 4
356 324 4
356 357 4
356 511 4
356 582 4
356 584 4
356 638 4
356 639 4
356 643 4
356 855 4
356 896 4
357 7 4
357 117 4
357 118 4
357 181 4
357 250 4
357 268 4
357 270 4
357 298 4
357 313 4
357 323 3
357 405 4
357 472 4
357 748 4
357 751 4
357 831 3
358 1 4
358 10 4
358 13 4
358 14 4
358 25 4
358 28 4
358 45 4
358 50 4
358 64 5
358 79 4
358 100 4
358 116 4
358 124 4
358 127 4
358 134 4
358 157 4
358 165 4
358 166 4
358 170 4
358 174 4
358 181 4
358 187 4
358 191 4
358 194 4
358 195 4
358 197 4
358 205 4
358 207 4
358 210 4
358 222 4
358 237 4
358 238 4
358 242 4
358 251 3
358 269 4
358 271 4
358 275 4
358 283 4
358 284 4
358 286 4
358 297 3
358 302 4
358 304 4
358 306 4
358 308 4
358 309 4
358 321 4
358 326 4
358 328 4
358 357 4
358 423 4
358 479 4
358 483 4
358 496 4
358 511 4
358 521 4
358 523 4
358 531 4
358 582 4
358 588 4
358 654 4
358 661 4
358 735 4
358 744 4
358 748 4
358 845 4
358 933 2
358 936 5
358 963 4
359 12 4
359 14 4
359 23 4
359 26 4
359 49 4
359 53 4
359 55 4
359 56 4
359 59 4
359 60 4
359 66 4
359 70 4
359 79 4
359 83 4
359 88 4
359 90 4
359 97 4
359 98 4
359 100 4
359 111 4
359 129 4
359 148 4
359 150 4
359 156 4
359 165 4
359 166 4
359 168 4
359 170 4
359 173 4
359 176 4
359 178 4
359 183 4
359 185 4
359 186 4
359 190 4
359 197 4
359 203 4
359 204 4
359 207 4
359 212 4
359 213 4
359 218 4
359 222 4
359 228 4
359 234 4
359 237 4
359 238 4
359 258 4
359 269 4
359 273 4
359 274 4
359 276 4
359 286 4
359 333 4
359 340 4
359 387 4
359 421 4
359 430 4
359 435 4
359 451 4
359 466 4
359 475 4
359 498 4
359 502 4
359 504 4
359 514 4
359 517 4
359 524 4
359 525 4
359 531 4
359 639 4
359 652 4
359 654 4
359 655 4
359 657 4
359 659 4
359 673 4
359 684 4
359 694 4
359 707 4
359 709 4
359 727 4
359 737 4
359 739 4
359 742 4
359 762 4
359 770 3
359 794 4
359 934 3
359 949 4
360 245 3
360 268 4
360 302 4
360 312 4
360 313 4
360 323 3
360 333 4
360 336 4
360 689 3
361 1 4
361 2 3
361 4 4
361 5 3
361 7 4
361 9 4
361 11 4
361 22 4
361 29 2
361 32 4
361 37 2
361 38 3
361 44 4
361 47 4
361 50 4
361 54 3
361 55 4
361 56 4
361 58 4
361 62 3
361 65 4
361 66 4
361 67 2
361 68 3
361 69 4
361 70 3
361 71 4
361 72 3
361 73 3
361 79 4
361 81 4
361 82 4
361 87 4
361 88 4
361 89 4
361 90 3
361 91 3
361 93 4
361 95 4
361 96 4
361 97 4
361 98 4
361 101 3
361 102 3
361 114 4
361 117 4
361 120 3
361 121 4
361 128 3
361 134 4
361 137 4
361 143 4
361 144 4
361 145 2
361 151 4
361 152 4
361 154 4
361 155 3
361 156 4
361 159 3
361 161 3
361 164 4
361 169 4
361 172 4
361 173 4
361 174 4
361 179 4
361 182 4
361 183 4
361 184 3
361 185 4
361 186 4
361 187 4
361 188 4
361 189 4
361 193 4
361 195 4
361 196 4
361 200 4
361 201 3
361 204 4
361 206 4
361 208 4
361 210 4
361 212 3
361 215 4
361 216 4
361 218 3
361 222 4
361 226 4
361 227 3
361 228 4
361 229 3
361 231 3
361 234 4
361 235 3
361 237 4
361 248 3
361 250 4
361 258 4
361 265 4
361 270 4
361 271 3
361 282 4
361 283 4
361 284 3
361 288 4
361 290 3
361 293 3
361 307 3
361 315 4
361 316 4
361 317 4
361 322 3
361 325 3
361 328 3
361 336 3
361 346 4
361 347 3
361 350 3
361 351 3
361 366 4
361 370 2
361 380 4
361 387 3
361 391 2
361 393 4
361 402 3
361 403 4
361 405 3
361 408 4
361 417 3
361 423 4
361 426 4
361 428 4
361 431 3
361 433 4
361 435 4
361 443 4
361 444 3
361 448 2
361 449 3
361 451 4
361 461 4
361 469 2
361 472 3
361 473 3
361 474 4
361 505 4
361 506 4
361 511 4
361 518 4
361 523 4
361 531 4
361 546 3
361 550 4
361 552 4
361 554 2
361 555 4
361 557 3
361 559 3
361 561 2
361 566 4
361 568 4
361 569 3
361 571 4
361 572 2
361 575 4
361 578 3
361 588 4
361 590 1
361 597 3
361 603 4
361 616 4
361 625 3
361 631 3
361 640 3
361 650 4
361 651 4
361 653 4
361 657 4
361 658 4
361 660 4
361 665 3
361 673 4
361 675 4
361 678 3
361 679 4
361 682 3
361 685 4
361 691 4
361 698 2
361 699 4
361 707 3
361 709 4
361 710 3
361 719 3
361 735 4
361 741 3
361 742 4
361 746 4
361 747 4
361 752 3
361 760 2
361 761 4
361 767 2
361 774 2
361 778 4
361 792 4
361 802 2
361 805 3
361 809 3
361 816 2
361 825 3
361 831 2
361 849 2
361 854 4
361 859 2
361 895 3
361 906 4
361 919 4
361 933 2
361 940 4
361 946 3
361 959 4
361 979 3
362 289 3
362 302 4
362 321 4
362 875 3
362 948 3
362 988 3
363 1 4
363 7 4
363 15 4
363 25 4
363 100 4
363 109 3
363 124 4
363 125 4
363 137 4
363 150 4
363 222 4
363 235 3
363 258 4
363 268 4
363 271 3
363 272 4
363 275 4
363 276 4
363 277 3
363 287 4
363 288 3
363 289 3
363 294 3
363 301 3
363 309 2
363 315 4
363 316 4
363 321 3
363 340 4
363 352 3
363 473 3
363 591 4
363 742 4
363 762 3
363 813 4
363 894 3
363 895 3
363 908 2
364 53 4
364 56 4
364 98 4
364 184 4
364 200 4
364 201 4
364 217 4
364 219 4
364 234 4
364 443 4
364 445 4
364 559 4
364 573 4
364 671 4
364 672 4
364 853 4
364 860 3
365 7 4
365 17 4
365 50 4
365 53 4
365 98 4
365 100 4
365 145 2
365 164 4
365 176 4
365 183 4
365 184 4
365 200 4
365 201 4
365 218 4
365 234 4
365 250 4
365 258 4
365 288 4
365 302 4
365 324 4
365 326 4
365 333 4
365 334 4
365 379 3
365 406 3
365 413 3
365 436 4
365 443 4
365 448 4
365 452 3
365 551 2
365 563 2
365 564 2
365 665 4
365 670 4
365 672 3
365 760 2
365 769 2
365 774 2
365 800 3
365 919 5
366 11 4
366 17 3
366 56 4
366 89 4
366 96 4
366 98 4
366 100 4
366 127 4
366 183 4
366 184 3
366 201 3
366 217 2
366 218 4
366 219 3
366 234 4
366 292 3
366 313 4
366 320 4
366 379 3
366 396 3
366 567 2
366 672 3
366 774 2
366 777 3
367 50 4
367 114 4
367 168 4
367 172 4
367 181 4
367 271 2
367 316 4
367 358 4
367 751 4
367 988 2
368 12 4
368 22 4
368 31 4
368 50 4
368 52 3
368 64 4
368 98 4
368 100 4
368 107 4
368 114 4
368 116 4
368 135 4
368 136 4
368 153 4
368 172 4
368 174 4
368 175 4
368 176 4
368 181 4
368 193 4
368 195 4
368 199 4
368 209 4
368 210 4
368 238 4
368 257 4
368 265 4
368 269 4
368 285 4
368 322 3
368 423 4
368 425 4
368 433 4
368 435 4
368 443 4
368 480 4
368 484 4
368 493 4
368 494 4
368 497 4
368 514 4
368 525 4
368 603 4
368 604 4
368 607 2
368 608 4
368 613 4
368 631 3
368 657 4
368 659 4
368 661 4
368 678 3
368 705 4
368 923 4
369 1 4
369 22 4
369 55 4
369 64 4
369 69 4
369 77 4
369 79 4
369 97 4
369 98 4
369 174 4
369 177 4
369 179 4
369 180 4
369 181 4
369 185 4
369 186 4
369 194 4
369 197 4
369 210 4
369 234 4
369 265 4
369 357 4
369 393 4
369 423 4
369 435 4
369 443 4
369 449 4
369 452 4
369 504 4
369 527 4
369 655 4
369 663 4
369 746 4
370 5 4
370 23 4
370 44 4
370 56 4
370 79 4
370 129 4
370 159 4
370 164 4
370 176 4
370 183 4
370 185 4
370 200 4
370 201 4
370 218 4
370 262 3
370 286 4
370 288 4
370 299 4
370 325 4
370 327 4
370 333 4
370 436 4
370 441 4
370 443 4
370 447 4
370 448 4
370 452 4
370 547 4
370 559 4
370 561 4
370 574 4
370 581 4
370 595 4
370 628 4
370 635 4
370 637 4
370 672 4
370 674 4
370 678 4
370 696 4
370 874 4
370 875 4
371 2 4
371 4 4
371 12 4
371 15 4
371 20 4
371 22 4
371 24 4
371 25 4
371 31 4
371 48 4
371 50 4
371 58 4
371 64 4
371 66 4
371 68 4
371 70 4
371 80 4
371 81 4
371 82 4
371 83 4
371 89 4
371 90 4
371 94 4
371 95 4
371 96 4
371 97 4
371 99 4
371 100 4
371 102 4
371 105 4
371 110 2
371 114 4
371 117 4
371 127 4
371 132 4
371 136 4
371 139 4
371 142 4
371 143 4
371 144 4
371 150 4
371 151 4
371 154 4
371 155 4
371 156 4
371 161 4
371 162 4
371 163 4
371 165 4
371 166 4
371 169 4
371 172 4
371 173 4
371 175 4
371 177 4
371 179 4
371 180 4
371 181 4
371 184 4
371 189 4
371 194 4
371 195 4
371 196 4
371 197 4
371 202 4
371 204 4
371 206 4
371 208 4
371 209 4
371 210 4
371 211 4
371 213 4
371 214 4
371 215 4
371 217 4
371 225 4
371 226 4
371 228 4
371 230 4
371 232 4
371 239 4
371 241 4
371 259 3
371 269 4
371 275 4
371 278 4
371 281 4
371 286 4
371 290 4
371 318 4
371 357 4
371 366 4
371 378 4
371 380 4
371 382 4
371 385 4
371 386 4
371 389 3
371 390 5
371 392 4
371 393 4
371 399 4
371 401 4
371 402 4
371 403 4
371 404 4
371 409 4
371 414 4
371 417 4
371 418 4
371 420 4
371 421 4
371 423 4
371 427 4
371 431 4
371 433 4
371 435 4
371 451 4
371 472 4
371 474 4
371 480 4
371 485 4
371 487 4
371 488 4
371 494 4
371 496 4
371 497 4
371 499 4
371 506 4
371 510 4
371 520 4
371 527 4
371 550 4
371 553 4
371 559 4
371 566 4
371 568 4
371 571 4
371 577 4
371 588 4
371 596 4
371 598 4
371 603 4
371 627 4
371 633 4
371 645 3
371 648 4
371 649 4
371 651 4
371 655 4
371 658 4
371 660 4
371 679 4
371 694 4
371 699 4
371 704 4
371 705 4
371 709 4
371 715 4
371 724 4
371 727 4
371 729 4
371 732 4
371 746 4
371 747 4
371 748 4
371 756 4
371 778 4
371 828 3
371 842 4
371 843 5
371 849 3
371 941 4
371 946 4
371 949 4
372 1 4
372 2 4
372 5 4
372 7 4
372 9 4
372 11 4
372 15 4
372 17 4
372 23 4
372 24 4
372 28 4
372 29 4
372 39 4
372 48 4
372 50 4
372 56 4
372 64 4
372 66 4
372 68 4
372 69 4
372 70 4
372 71 4
372 77 4
372 89 4
372 95 4
372 97 4
372 98 4
372 100 4
372 106 4
372 111 4
372 116 4
372 118 4
372 120 2
372 121 4
372 122 2
372 123 4
372 124 4
372 125 4
372 126 4
372 127 4
372 129 4
372 135 4
372 143 4
372 144 4
372 147 4
372 148 4
372 150 4
372 151 4
372 156 4
372 159 4
372 161 4
372 162 4
372 168 4
372 172 4
372 173 4
372 174 4
372 176 4
372 185 4
372 186 4
372 192 4
372 195 4
372 197 4
372 200 4
372 202 4
372 204 4
372 210 4
372 216 4
372 218 4
372 222 4
372 223 4
372 225 4
372 226 4
372 228 4
372 229 4
372 230 4
372 231 4
372 233 4
372 234 4
372 235 4
372 237 4
372 240 4
372 247 2
372 248 4
372 252 4
372 254 2
372 257 4
372 265 4
372 279 4
372 280 4
372 282 4
372 284 4
372 289 4
372 291 4
372 310 4
372 322 4
372 323 4
372 356 4
372 363 4
372 369 3
372 385 4
372 393 4
372 403 4
372 405 4
372 412 4
372 423 4
372 424 2
372 427 4
372 449 4
372 450 2
372 454 3
372 458 4
372 463 4
372 465 4
372 466 4
372 467 4
372 468 4
372 475 4
372 476 3
372 483 4
372 521 4
372 527 4
372 540 3
372 544 4
372 550 4
372 552 4
372 554 4
372 558 4
372 566 4
372 568 4
372 572 4
372 576 4
372 581 4
372 591 4
372 619 4
372 620 4
372 628 4
372 637 4
372 642 4
372 651 4
372 665 4
372 685 4
372 692 4
372 696 4
372 717 4
372 741 4
372 742 4
372 743 3
372 756 4
372 758 2
372 761 4
372 762 4
372 763 4
372 770 4
372 789 4
372 815 4
372 819 3
372 820 3
372 824 4
372 832 4
372 844 3
372 845 4
372 846 3
372 872 3
372 880 4
372 924 4
372 928 4
372 930 3
372 931 2
372 932 4
372 934 3
372 948 3
372 952 4
372 974 3
372 975 4
372 977 3
372 978 2
372 979 3
372 986 2
373 5 4
373 39 3
373 77 4
373 176 4
373 183 4
373 185 4
373 218 4
373 233 4
373 288 4
373 300 4
373 443 4
373 583 4
373 684 4
373 761 4
374 11 4
374 14 4
374 98 4
374 154 4
374 181 4
374 197 4
374 198 4
374 223 4
374 237 4
374 246 4
374 268 4
374 274 4
374 275 4
374 289 3
374 301 4
374 603 4
374 762 4
375 56 4
375 98 4
375 100 4
375 164 4
375 168 4
375 173 4
375 194 4
375 219 3
375 234 4
375 258 4
375 268 4
375 288 4
375 313 4
375 316 4
375 323 4
375 354 4
375 443 4
375 508 4
375 895 4
376 1 4
376 2 4
376 4 4
376 5 4
376 7 4
376 8 4
376 9 4
376 10 4
376 11 4
376 12 4
376 13 4
376 14 4
376 15 4
376 21 3
376 22 4
376 28 4
376 29 3
376 31 4
376 40 4
376 42 4
376 43 4
376 48 4
376 49 4
376 50 4
376 52 4
376 53 3
376 54 4
376 58 4
376 59 4
376 62 4
376 63 4
376 65 4
376 66 4
376 68 3
376 70 4
376 73 4
376 77 4
376 79 4
376 86 4
376 87 4
376 88 4
376 89 4
376 91 3
376 94 3
376 95 4
376 99 4
376 100 4
376 106 3
376 110 2
376 111 4
376 117 4
376 121 4
376 123 4
376 125 4
376 126 4
376 132 4
376 133 4
376 135 4
376 141 4
376 143 4
376 144 4
376 148 3
376 151 4
376 153 4
376 155 4
376 157 4
376 159 3
376 161 4
376 162 4
376 167 4
376 172 4
376 173 4
376 174 4
376 175 4
376 176 4
376 179 4
376 180 4
376 181 4
376 182 4
376 186 4
376 191 4
376 194 4
376 195 4
376 196 4
376 197 4
376 200 4
376 202 4
376 203 4
376 207 4
376 210 4
376 213 4
376 215 4
376 217 4
376 218 4
376 220 4
376 222 4
376 223 4
376 226 4
376 227 4
376 230 4
376 233 4
376 234 4
376 235 2
376 237 4
376 239 4
376 241 3
376 245 3
376 248 4
376 252 4
376 254 3
376 255 4
376 257 4
376 258 4
376 269 4
376 272 4
376 273 4
376 274 4
376 275 4
376 276 4
376 277 4
376 280 4
376 281 3
376 282 4
376 283 4
376 284 4
376 285 4
376 286 4
376 288 4
376 289 4
376 294 4
376 295 3
376 298 4
376 300 4
376 301 4
376 302 4
376 304 4
376 317 4
376 318 4
376 319 3
376 321 4
376 326 4
376 328 3
376 356 4
376 365 3
376 367 4
376 380 4
376 381 4
376 382 4
376 385 4
376 386 3
376 387 4
376 392 4
376 393 4
376 396 4
376 401 3
376 403 4
376 404 4
376 405 4
376 409 3
376 410 4
376 411 3
376 417 4
376 418 4
376 419 4
376 420 4
376 423 4
376 432 4
376 435 4
376 447 4
376 449 4
376 450 2
376 451 4
376 458 3
376 465 4
376 469 4
376 471 4
376 476 4
376 479 4
376 482 4
376 485 4
376 496 4
376 500 4
376 501 4
376 508 4
376 509 4
376 517 3
376 527 4
376 528 4
376 542 4
376 546 3
376 549 4
376 554 3
376 559 4
376 566 4
376 568 4
376 572 3
376 575 4
376 576 3
376 582 4
376 591 4
376 596 4
376 597 4
376 619 3
376 620 4
376 623 4
376 629 4
376 631 4
376 632 4
376 635 4
376 636 4
376 651 4
376 655 4
376 663 4
376 665 3
376 674 4
376 686 4
376 692 4
376 693 4
376 694 4
376 702 3
376 703 4
376 707 4
376 708 4
376 709 4
376 715 3
376 716 4
376 720 4
376 722 4
376 724 4
376 727 4
376 729 4
376 731 4
376 732 4
376 734 3
376 736 4
376 742 4
376 744 4
376 747 4
376 755 4
376 756 4
376 762 4
376 768 4
376 778 4
376 780 4
376 787 4
376 792 4
376 793 4
376 796 4
376 806 4
376 807 3
376 845 4
376 866 4
376 875 3
376 896 4
376 918 4
376 921 4
376 924 3
376 926 2
376 928 3
376 930 2
376 939 4
376 942 4
376 951 4
376 959 4
376 961 4
376 969 4
376 972 4
376 977 3
376 979 3
377 1 4
377 2 4
377 4 4
377 8 4
377 9 4
377 12 5
377 23 4
377 50 4
377 52 4
377 54 4
377 56 4
377 62 4
377 63 4
377 64 5
377 69 4
377 79 4
377 82 4
377 83 4
377 88 4
377 89 4
377 90 4
377 93 4
377 96 4
377 98 4
377 100 4
377 116 4
377 124 4
377 131 4
377 133 4
377 135 4
377 141 4
377 144 4
377 152 4
377 153 4
377 157 4
377 158 4
377 161 4
377 163 4
377 164 4
377 168 4
377 172 4
377 173 4
377 176 4
377 177 4
377 178 4
377 179 4
377 183 4
377 186 4
377 188 4
377 191 4
377 192 4
377 193 4
377 194 4
377 195 4
377 196 4
377 200 4
377 202 4
377 203 4
377 204 4
377 205 4
377 208 4
377 210 4
377 211 4
377 216 4
377 219 4
377 227 4
377 230 4
377 233 4
377 238 4
377 239 4
377 257 4
377 270 4
377 271 4
377 284 4
377 285 4
377 294 4
377 300 4
377 306 4
377 310 4
377 331 4
377 339 4
377 357 4
377 372 4
377 381 4
377 383 3
377 385 4
377 391 3
377 393 4
377 395 4
377 401 4
377 402 4
377 405 4
377 414 4
377 417 4
377 419 4
377 427 4
377 428 4
377 434 4
377 436 4
377 443 4
377 447 4
377 448 4
377 451 4
377 452 4
377 461 4
377 480 4
377 496 4
377 504 4
377 511 4
377 514 4
377 516 4
377 517 4
377 520 4
377 522 4
377 523 4
377 527 4
377 528 4
377 529 4
377 530 4
377 554 4
377 559 4
377 563 2
377 566 4
377 568 4
377 575 3
377 576 4
377 603 4
377 616 4
377 622 4
377 636 4
377 637 4
377 644 4
377 649 4
377 651 4
377 655 4
377 659 4
377 674 4
377 684 4
377 686 4
377 701 4
377 704 4
377 705 4
377 710 4
377 712 4
377 729 4
377 732 4
377 735 4
377 736 4
377 746 4
377 842 4
377 855 4
378 1 4
378 7 4
378 12 4
378 22 4
378 28 4
378 31 4
378 38 3
378 58 4
378 59 4
378 60 4
378 61 4
378 62 3
378 64 4
378 69 4
378 71 4
378 81 4
378 95 4
378 98 4
378 100 4
378 109 3
378 114 4
378 118 3
378 121 4
378 132 4
378 134 4
378 139 3
378 152 3
378 154 4
378 161 4
378 163 4
378 168 4
378 170 4
378 172 4
378 176 4
378 177 4
378 180 4
378 181 4
378 183 4
378 185 4
378 186 4
378 190 4
378 194 4
378 197 4
378 208 4
378 213 4
378 215 4
378 217 3
378 222 4
378 228 4
378 229 3
378 238 4
378 241 3
378 258 4
378 265 4
378 270 4
378 306 4
378 313 4
378 315 4
378 340 3
378 356 4
378 357 4
378 382 4
378 414 4
378 416 4
378 419 4
378 423 4
378 425 4
378 427 4
378 428 4
378 435 4
378 443 4
378 449 3
378 462 4
378 463 4
378 465 4
378 474 4
378 479 4
378 483 4
378 502 4
378 506 4
378 512 4
378 515 4
378 518 4
378 521 4
378 527 4
378 529 4
378 530 4
378 549 4
378 561 2
378 566 4
378 570 4
378 573 3
378 582 4
378 587 4
378 614 4
378 629 4
378 630 3
378 631 4
378 651 4
378 652 4
378 654 4
378 663 4
378 664 4
378 665 3
378 670 4
378 684 4
378 699 4
378 708 3
378 712 3
378 729 4
378 732 4
378 736 4
378 744 4
378 750 4
378 751 4
378 753 4
378 770 3
378 856 4
378 923 4
378 956 3
378 959 4
379 1 4
379 13 4
379 14 4
379 15 4
379 16 3
379 20 4
379 30 4
379 50 4
379 59 4
379 77 3
379 79 4
379 83 4
379 89 4
379 94 4
379 95 4
379 97 4
379 99 4
379 100 4
379 102 3
379 121 4
379 129 4
379 132 4
379 133 4
379 134 4
379 135 4
379 139 4
379 150 4
379 151 4
379 175 4
379 178 4
379 191 4
379 212 4
379 214 4
379 216 4
379 217 3
379 228 4
379 259 3
379 276 4
379 281 4
379 294 4
379 303 4
379 304 4
379 318 4
379 344 3
379 378 4
379 418 4
379 443 4
379 459 2
379 462 4
379 473 4
379 479 4
379 485 4
379 487 4
379 493 4
379 495 4
379 498 4
379 501 4
379 509 4
379 517 4
379 525 5
379 526 4
379 529 4
379 582 4
379 607 4
379 631 4
379 634 4
379 640 4
379 647 4
379 652 4
379 656 4
379 657 4
379 660 4
379 673 4
379 682 3
379 693 4
379 705 4
379 724 4
379 742 4
379 771 3
379 778 4
379 855 4
379 887 4
379 898 2
379 914 2
379 931 4
379 934 4
379 961 4
379 995 4
380 7 4
380 9 4
380 23 4
380 50 4
380 56 4
380 98 4
380 100 4
380 122 2
380 127 4
380 134 4
380 135 4
380 137 4
380 150 4
380 171 4
380 177 4
380 180 4
380 183 4
380 258 4
380 276 4
380 290 3
380 332 3
380 475 4
380 481 4
380 482 4
380 507 4
380 508 3
380 531 4
380 717 3
381 14 4
381 19 4
381 58 4
381 81 4
381 86 4
381 89 4
381 100 4
381 134 4
381 135 4
381 137 4
381 180 4
381 193 4
381 197 4
381 203 4
381 205 4
381 223 4
381 237 4
381 238 4
381 268 4
381 272 4
381 285 4
381 302 4
381 315 4
381 319 4
381 321 4
381 345 4
381 357 4
381 425 4
381 427 4
381 435 4
381 464 5
381 474 4
381 475 4
381 478 4
381 479 4
381 480 4
381 483 5
381 484 4
381 496 4
381 505 4
381 514 4
381 531 4
381 603 4
381 639 4
381 641 4
381 657 4
382 272 4
382 289 4
382 302 4
382 316 4
382 327 4
382 343 4
382 355 4
382 751 4
382 989 2
383 4 4
383 8 4
383 12 4
383 18 3
383 24 3
383 29 2
383 32 4
383 37 2
383 42 4
383 47 4
383 48 4
383 50 4
383 53 3
383 56 4
383 58 4
383 59 4
383 61 4
383 79 4
383 81 4
383 82 4
383 87 4
383 89 4
383 93 4
383 98 4
383 99 4
383 111 4
383 114 4
383 122 2
383 127 4
383 128 3
383 129 4
383 131 3
383 133 4
383 134 4
383 135 4
383 136 4
383 143 4
383 144 4
383 145 2
383 151 4
383 152 4
383 153 4
383 168 4
383 169 4
383 171 4
383 172 4
383 173 4
383 174 4
383 175 4
383 177 4
383 180 4
383 181 4
383 183 4
383 186 4
383 187 4
383 189 4
383 191 4
383 192 4
383 194 4
383 195 4
383 199 4
383 200 4
383 207 3
383 208 4
383 209 4
383 211 4
383 216 4
383 217 3
383 218 4
383 219 3
383 221 4
383 224 4
383 235 3
383 236 2
383 238 4
383 249 4
383 250 4
383 253 4
383 254 2
383 256 4
383 257 4
383 262 4
383 273 4
383 276 4
383 283 4
383 285 4
383 286 4
383 290 3
383 293 4
383 304 3
383 305 4
383 318 4
383 320 4
383 325 3
383 337 2
383 340 3
383 346 4
383 347 4
383 367 3
383 383 1
383 385 4
383 403 3
383 405 3
383 408 4
383 417 3
383 419 3
383 423 4
383 425 4
383 427 4
383 428 4
383 429 4
383 430 4
383 433 4
383 435 4
383 443 4
383 447 4
383 451 3
383 455 3
383 458 3
383 461 4
383 462 4
383 473 3
383 474 4
383 479 4
383 480 4
383 482 4
383 483 4
383 485 4
383 486 4
383 487 4
383 489 4
383 492 4
383 496 4
383 498 4
383 500 4
383 502 4
383 503 4
383 506 4
383 507 4
383 508 4
383 511 4
383 512 4
383 520 4
383 521 4
383 523 4
383 524 3
383 525 4
383 526 4
383 529 4
383 557 4
383 603 4
383 604 4
383 606 4
383 616 4
383 631 4
383 650 4
383 652 4
383 653 4
383 654 4
383 657 4
383 658 4
383 659 4
383 661 4
383 663 4
383 664 4
383 673 4
383 674 3
383 675 4
383 705 4
383 719 2
383 727 4
383 732 4
383 739 3
383 745 4
383 794 3
383 851 5
383 855 4
383 865 5
383 871 2
383 896 2
383 900 4
383 919 4
383 922 4
383 940 2
383 942 4
383 945 4
383 959 4
383 961 4
383 965 4
384 24 4
384 50 4
384 121 4
384 222 4
384 273 4
384 455 4
384 685 3
384 825 3
384 833 4
384 840 2
385 2 3
385 4 4
385 7 4
385 8 4
385 10 4
385 11 4
385 13 4
385 20 3
385 22 4
385 23 4
385 24 3
385 27 3
385 31 4
385 32 4
385 33 4
385 39 3
385 47 4
385 48 4
385 50 4
385 52 4
385 55 4
385 56 4
385 58 4
385 61 4
385 62 3
385 64 4
385 68 3
385 71 4
385 76 4
385 79 4
385 81 4
385 82 4
385 83 4
385 89 4
385 91 3
385 92 4
385 93 4
385 96 4
385 97 4
385 98 4
385 99 4
385 101 3
385 102 4
385 113 4
385 114 4
385 116 4
385 117 4
385 121 4
385 123 4
385 127 4
385 129 4
385 133 4
385 135 4
385 136 4
385 144 4
385 147 4
385 151 4
385 152 4
385 156 4
385 161 4
385 168 4
385 169 4
385 176 4
385 180 4
385 181 4
385 182 4
385 183 4
385 184 4
385 186 4
385 187 4
385 189 4
385 190 4
385 192 4
385 193 4
385 194 4
385 195 4
385 196 4
385 197 4
385 198 4
385 200 4
385 201 3
385 202 4
385 203 4
385 205 4
385 206 4
385 208 4
385 209 4
385 210 4
385 211 4
385 215 4
385 217 3
385 218 4
385 219 2
385 222 4
385 223 4
385 224 4
385 226 3
385 228 4
385 229 4
385 230 4
385 231 3
385 233 4
385 238 4
385 241 3
385 246 4
385 248 4
385 250 4
385 258 4
385 265 4
385 268 4
385 273 4
385 277 4
385 288 4
385 289 3
385 293 4
385 294 3
385 295 4
385 298 3
385 317 4
385 318 4
385 319 4
385 320 2
385 321 3
385 325 4
385 333 4
385 357 4
385 380 4
385 381 4
385 385 4
385 393 4
385 403 3
385 410 3
385 414 4
385 418 4
385 423 4
385 428 4
385 429 4
385 430 4
385 431 3
385 432 4
385 435 4
385 436 4
385 441 2
385 444 3
385 446 4
385 447 4
385 448 3
385 455 3
385 458 2
385 461 4
385 463 4
385 473 3
385 474 4
385 475 4
385 477 3
385 488 4
385 496 4
385 508 3
385 511 4
385 514 4
385 515 4
385 520 4
385 526 4
385 528 4
385 547 2
385 549 4
385 558 3
385 559 3
385 561 2
385 564 2
385 566 4
385 569 4
385 578 4
385 580 4
385 582 4
385 583 4
385 593 4
385 603 4
385 619 4
385 625 3
385 642 4
385 650 4
385 651 4
385 659 4
385 663 4
385 672 2
385 674 3
385 678 3
385 679 4
385 684 4
385 692 4
385 693 4
385 697 4
385 715 4
385 732 4
385 735 4
385 737 3
385 742 4
385 744 4
385 768 3
385 769 4
385 772 2
385 773 2
385 774 2
385 789 4
385 790 3
385 806 4
385 844 1
385 845 4
385 854 1
385 856 4
385 919 4
385 942 4
385 943 4
385 952 4
385 969 3
385 972 4
385 984 2
386 5 4
386 56 4
386 100 4
386 111 4
386 117 4
386 147 4
386 184 4
386 237 4
386 259 3
386 288 4
386 298 4
386 307 4
386 310 4
386 315 4
386 323 4
386 326 4
386 333 4
386 508 4
386 569 4
386 591 4
386 628 4
386 678 4
386 680 4
386 682 4
386 690 4
386 742 4
386 769 4
386 773 3
386 816 4
386 845 4
386 871 4
386 895 4
387 4 4
387 8 4
387 23 4
387 25 4
387 28 4
387 29 4
387 38 4
387 40 4
387 42 4
387 47 4
387 50 4
387 53 3
387 56 4
387 58 4
387 59 4
387 64 4
387 65 4
387 66 4
387 69 4
387 72 4
387 77 4
387 79 4
387 80 4
387 82 4
387 88 4
387 90 4
387 94 4
387 95 4
387 98 4
387 99 4
387 100 4
387 105 4
387 109 4
387 111 4
387 118 4
387 127 4
387 131 4
387 132 4
387 136 4
387 142 4
387 151 4
387 152 4
387 153 4
387 154 4
387 159 4
387 160 4
387 167 4
387 168 4
387 172 4
387 173 4
387 174 4
387 176 4
387 178 4
387 179 4
387 181 4
387 185 4
387 186 4
387 191 4
387 194 4
387 197 4
387 202 4
387 204 4
387 205 4
387 208 4
387 210 4
387 211 4
387 216 4
387 217 4
387 234 4
387 238 4
387 249 4
387 275 4
387 283 4
387 285 4
387 300 4
387 301 4
387 346 4
387 378 4
387 383 4
387 384 4
387 393 4
387 395 4
387 396 4
387 401 4
387 404 4
387 407 3
387 410 4
387 411 4
387 414 4
387 416 4
387 420 4
387 423 4
387 428 4
387 429 4
387 435 4
387 451 4
387 454 3
387 467 4
387 471 4
387 474 4
387 475 4
387 477 4
387 478 4
387 479 4
387 480 4
387 481 4
387 483 4
387 484 4
387 490 4
387 491 4
387 492 4
387 493 5
387 497 4
387 498 4
387 499 4
387 501 4
387 502 4
387 503 4
387 504 4
387 506 4
387 507 4
387 509 4
387 510 4
387 514 4
387 517 4
387 518 4
387 519 4
387 520 4
387 525 4
387 526 4
387 550 4
387 558 4
387 568 4
387 583 4
387 584 3
387 588 4
387 591 4
387 602 4
387 604 4
387 605 4
387 607 4
387 610 4
387 612 4
387 613 4
387 615 4
387 616 4
387 630 3
387 631 4
387 642 4
387 649 4
387 656 4
387 657 4
387 661 4
387 662 4
387 671 4
387 674 4
387 693 4
387 699 4
387 700 4
387 705 4
387 712 4
387 715 4
387 731 4
387 732 4
387 736 4
387 739 4
387 756 4
387 763 4
387 778 4
387 780 4
387 785 3
387 792 4
387 820 3
387 824 4
387 835 4
387 836 4
387 845 4
387 847 4
387 923 4
387 926 4
387 942 4
387 945 4
387 954 3
387 997 2
388 1 4
388 9 4
388 13 4
388 126 4
388 258 4
388 275 4
388 302 4
388 304 4
388 319 3
388 328 4
388 329 4
388 331 4
388 740 3
388 742 4
388 845 4
388 989 3
389 9 4
389 11 4
389 12 4
389 15 4
389 22 4
389 31 4
389 47 4
389 48 4
389 56 4
389 58 4
389 59 4
389 60 4
389 64 4
389 69 4
389 71 4
389 76 4
389 89 4
389 97 4
389 100 4
389 127 4
389 132 4
389 134 4
389 148 4
389 168 4
389 173 4
389 182 4
389 188 4
389 191 4
389 195 4
389 197 4
389 200 4
389 203 4
389 204 4
389 205 4
389 213 4
389 215 4
389 222 4
389 234 4
389 237 4
389 238 4
389 258 4
389 264 4
389 276 4
389 282 4
389 286 4
389 288 4
389 294 4
389 300 4
389 318 4
389 334 4
389 357 4
389 421 4
389 458 3
389 460 3
389 471 4
389 474 4
389 479 4
389 480 4
389 482 4
389 490 4
389 491 4
389 498 4
389 504 4
389 507 4
389 508 4
389 510 4
389 511 4
389 527 4
389 530 4
389 544 4
389 546 4
389 603 4
389 604 4
389 628 4
389 646 4
389 659 4
389 661 4
389 678 3
389 748 4
389 772 2
389 774 4
389 963 5
390 8 4
390 23 4
390 58 4
390 59 4
390 99 4
390 114 4
390 129 4
390 166 4
390 169 4
390 170 4
390 172 4
390 173 4
390 178 4
390 179 4
390 180 4
390 181 4
390 189 4
390 191 4
390 197 4
390 199 4
390 200 4
390 209 4
390 244 3
390 248 4
390 249 4
390 250 4
390 255 4
390 257 4
390 260 3
390 268 4
390 270 4
390 271 4
390 272 4
390 276 4
390 285 4
390 288 4
390 289 4
390 293 4
390 294 4
390 297 4
390 300 4
390 302 4
390 303 4
390 304 4
390 310 4
390 312 4
390 313 4
390 319 4
390 321 4
390 323 4
390 324 4
390 325 4
390 328 4
390 333 4
390 340 4
390 344 4
390 345 4
390 346 4
390 347 4
390 463 4
390 482 4
390 491 4
390 492 4
390 493 4
390 511 4
390 515 4
390 534 4
390 538 3
390 615 4
390 632 4
390 650 4
390 663 4
390 705 4
390 813 4
390 847 4
390 872 3
390 873 3
390 880 4
391 2 4
391 3 4
391 4 4
391 5 4
391 7 4
391 11 4
391 12 4
391 15 4
391 17 4
391 21 4
391 22 4
391 24 4
391 25 4
391 26 4
391 27 3
391 28 4
391 29 4
391 31 4
391 36 4
391 38 4
391 40 4
391 41 3
391 42 4
391 48 4
391 49 4
391 50 4
391 51 4
391 54 3
391 55 4
391 56 4
391 58 4
391 62 4
391 64 4
391 65 4
391 67 4
391 68 4
391 69 4
391 70 4
391 71 4
391 73 4
391 78 3
391 79 4
391 81 4
391 83 4
391 84 4
391 85 4
391 86 4
391 87 4
391 88 4
391 90 4
391 94 4
391 95 4
391 99 4
391 100 4
391 105 4
391 108 4
391 109 4
391 110 4
391 111 4
391 117 4
391 118 4
391 122 3
391 123 4
391 126 4
391 128 4
391 132 4
391 135 4
391 136 4
391 138 3
391 139 4
391 142 4
391 144 4
391 147 4
391 148 4
391 153 4
391 154 4
391 161 4
391 168 4
391 169 4
391 172 4
391 173 4
391 181 4
391 184 4
391 186 4
391 189 4
391 191 4
391 194 4
391 196 4
391 202 4
391 203 4
391 204 4
391 206 4
391 215 4
391 222 4
391 223 4
391 227 4
391 228 4
391 233 4
391 237 4
391 239 4
391 240 4
391 241 4
391 243 3
391 245 4
391 252 4
391 255 4
391 257 4
391 258 4
391 265 4
391 270 4
391 271 3
391 273 4
391 274 4
391 275 4
391 278 3
391 280 3
391 281 4
391 283 4
391 290 3
391 291 4
391 294 4
391 298 4
391 303 4
391 313 4
391 316 4
391 317 4
391 318 4
391 321 4
391 323 4
391 328 4
391 333 4
391 338 3
391 342 4
391 344 3
391 347 4
391 354 4
391 355 4
391 356 4
391 357 4
391 362 3
391 363 4
391 364 4
391 365 4
391 366 4
391 369 3
391 373 4
391 374 4
391 376 4
391 377 3
391 378 4
391 380 3
391 385 4
391 386 4
391 391 4
391 393 4
391 394 4
391 396 4
391 403 4
391 404 4
391 405 4
391 409 3
391 410 4
391 412 4
391 415 3
391 417 4
391 418 4
391 419 3
391 420 4
391 421 4
391 423 4
391 431 4
391 443 4
391 456 4
391 465 4
391 470 3
391 471 4
391 472 4
391 473 4
391 476 3
391 477 3
391 479 4
391 480 4
391 496 4
391 497 4
391 500 4
391 501 4
391 527 4
391 538 2
391 539 2
391 540 3
391 544 4
391 546 4
391 550 4
391 552 4
391 553 4
391 554 4
391 559 4
391 561 3
391 566 4
391 568 4
391 569 3
391 571 4
391 576 4
391 578 4
391 588 4
391 591 4
391 596 4
391 597 4
391 622 4
391 623 3
391 628 4
391 630 3
391 633 4
391 636 3
391 644 4
391 651 4
391 655 4
391 659 4
391 672 3
391 681 2
391 683 4
391 685 4
391 686 4
391 687 4
391 690 4
391 692 4
391 696 4
391 705 4
391 710 4
391 715 4
391 717 4
391 721 4
391 722 4
391 725 3
391 727 4
391 728 4
391 731 4
391 737 4
391 739 4
391 742 4
391 747 4
391 751 4
391 755 4
391 756 4
391 761 3
391 763 4
391 771 4
391 775 4
391 778 4
391 779 4
391 780 4
391 781 3
391 783 4
391 789 4
391 792 4
391 794 4
391 797 4
391 802 4
391 805 4
391 808 3
391 810 4
391 812 2
391 815 4
391 821 4
391 824 4
391 825 4
391 826 4
391 831 3
391 836 4
391 840 4
391 841 3
391 842 4
391 843 5
391 845 4
391 870 3
391 871 4
391 876 3
391 879 3
391 890 3
391 905 4
391 922 4
391 929 3
391 930 3
391 932 2
391 939 4
391 940 2
391 944 3
391 949 4
391 951 4
391 953 4
391 964 4
391 977 4
391 996 4
391 997 4
391 999 4
391 1000 4
392 1 4
392 7 4
392 28 4
392 31 4
392 38 4
392 39 4
392 42 4
392 56 4
392 63 4
392 68 4
392 72 4
392 73 4
392 79 4
392 84 4
392 88 4
392 96 4
392 97 4
392 98 4
392 101 4
392 117 4
392 121 4
392 128 4
392 132 4
392 144 4
392 154 4
392 156 4
392 158 4
392 161 4
392 164 4
392 172 4
392 174 5
392 179 4
392 181 4
392 184 4
392 195 4
392 208 4
392 210 4
392 216 4
392 217 4
392 218 4
392 222 4
392 226 4
392 227 4
392 229 4
392 230 4
392 232 4
392 233 4
392 238 4
392 250 4
392 257 4
392 265 4
392 282 4
392 288 4
392 313 4
392 364 4
392 383 3
392 385 4
392 386 4
392 411 4
392 416 4
392 419 4
392 423 4
392 433 4
392 449 4
392 450 2
392 455 4
392 496 4
392 508 4
392 540 2
392 541 4
392 550 4
392 552 4
392 554 4
392 559 4
392 561 3
392 568 4
392 576 4
392 578 4
392 597 4
392 655 4
392 658 4
392 665 4
392 679 4
392 746 4
392 763 4
392 771 3
392 773 4
392 780 4
392 797 4
392 802 4
392 979 4
393 1 4
393 50 4
393 64 4
393 89 4
393 97 4
393 98 4
393 100 4
393 121 4
393 151 4
393 154 4
393 174 5
393 186 4
393 196 4
393 210 4
393 216 4
393 237 4
393 252 4
393 255 4
393 257 4
393 273 4
393 313 4
393 315 4
393 328 4
393 342 4
393 343 4
393 423 4
393 458 4
393 472 4
393 632 4
393 739 4
393 892 3
393 924 3
394 1 4
394 9 4
394 25 3
394 100 4
394 106 4
394 117 4
394 121 4
394 125 4
394 222 4
394 237 4
394 245 4
394 260 3
394 274 3
394 291 4
394 300 4
394 322 4
394 328 4
394 329 4
394 333 4
394 405 4
394 455 4
394 471 4
394 591 4
394 619 4
394 678 4
394 717 4
394 751 4
394 840 3
394 930 4
394 977 3
394 986 3
395 7 4
395 8 4
395 23 4
395 56 4
395 95 4
395 100 4
395 108 4
395 109 4
395 117 4
395 127 4
395 134 4
395 135 4
395 156 4
395 171 4
395 172 4
395 174 4
395 177 4
395 178 4
395 181 4
395 183 4
395 192 4
395 194 4
395 197 4
395 210 4
395 221 4
395 223 4
395 261 2
395 268 4
395 286 4
395 288 4
395 302 4
395 313 4
395 318 4
395 322 3
395 324 2
395 325 4
395 327 4
395 334 3
395 338 3
395 340 4
395 345 4
395 346 4
395 390 5
395 423 4
395 457 2
395 475 4
395 479 4
395 483 4
395 498 4
395 513 4
395 588 4
395 615 4
395 641 4
395 657 4
395 680 3
395 705 4
395 748 3
395 751 4
395 853 5
395 855 4
395 878 2
395 894 2
395 896 4
395 988 2
395 989 3
395 991 2
396 4 4
396 12 4
396 13 4
396 15 4
396 25 4
396 28 4
396 31 4
396 47 4
396 49 4
396 50 4
396 56 4
396 58 4
396 63 3
396 64 4
396 65 4
396 66 4
396 69 4
396 70 4
396 72 4
396 73 4
396 82 4
396 85 4
396 88 4
396 94 4
396 95 4
396 117 4
396 124 4
396 125 4
396 126 4
396 127 4
396 144 4
396 152 4
396 154 4
396 159 3
396 162 4
396 163 4
396 167 4
396 168 4
396 172 4
396 173 4
396 174 4
396 178 4
396 181 4
396 182 4
396 183 4
396 186 4
396 191 4
396 194 4
396 196 4
396 197 4
396 199 4
396 202 4
396 203 4
396 204 4
396 205 4
396 211 4
396 216 4
396 227 4
396 228 4
396 229 4
396 230 4
396 234 4
396 235 4
396 239 4
396 274 4
396 276 4
396 284 3
396 357 4
396 385 4
396 393 4
396 399 4
396 403 4
396 414 4
396 417 3
396 423 4
396 429 4
396 430 4
396 432 4
396 435 4
396 474 4
396 476 3
396 479 4
396 480 4
396 481 4
396 485 4
396 491 4
396 493 4
396 494 4
396 495 4
396 496 4
396 497 4
396 498 4
396 501 4
396 502 4
396 504 4
396 510 4
396 514 4
396 519 4
396 520 4
396 521 4
396 525 4
396 588 4
396 589 4
396 591 4
396 602 4
396 648 4
396 654 4
396 663 4
396 692 4
396 700 2
396 710 4
396 715 3
396 732 4
396 735 4
396 737 3
396 756 3
396 796 4
396 953 4
396 969 4
396 991 2
396 993 4
397 2 3
397 5 3
397 8 4
397 9 4
397 15 4
397 22 4
397 26 4
397 31 4
397 33 4
397 38 3
397 41 3
397 42 4
397 48 4
397 53 4
397 55 4
397 56 4
397 57 3
397 58 4
397 62 3
397 63 4
397 66 4
397 67 4
397 68 4
397 69 4
397 71 4
397 72 3
397 73 3
397 77 3
397 79 4
397 80 4
397 84 4
397 91 3
397 94 4
397 95 4
397 97 4
397 98 4
397 99 4
397 102 4
397 110 3
397 114 4
397 117 4
397 118 4
397 121 4
397 127 4
397 128 4
397 132 4
397 140 4
397 143 4
397 144 4
397 147 4
397 148 4
397 153 4
397 154 4
397 155 4
397 156 4
397 157 4
397 161 4
397 164 4
397 172 4
397 173 4
397 174 3
397 175 4
397 179 4
397 180 4
397 181 4
397 186 4
397 187 4
397 188 4
397 195 4
397 196 4
397 203 4
397 204 4
397 210 4
397 214 4
397 215 4
397 219 3
397 223 3
397 226 4
397 227 3
397 228 4
397 229 4
397 230 3
397 231 4
397 233 4
397 234 4
397 237 4
397 238 4
397 239 4
397 241 3
397 264 4
397 265 4
397 268 4
397 273 4
397 274 3
397 276 4
397 282 4
397 284 3
397 288 4
397 289 4
397 291 4
397 295 3
397 301 3
397 307 4
397 318 4
397 323 4
397 332 4
397 338 4
397 340 4
397 364 4
397 372 4
397 378 4
397 382 4
397 383 3
397 384 4
397 385 4
397 386 3
397 388 4
397 389 4
397 393 4
397 399 3
397 400 1
397 401 4
397 402 4
397 403 4
397 405 4
397 407 3
397 412 3
397 413 3
397 418 4
397 420 4
397 423 4
397 431 4
397 432 4
397 436 4
397 444 2
397 450 3
397 451 4
397 452 4
397 454 4
397 455 3
397 459 3
397 470 3
397 471 4
397 475 4
397 486 4
397 496 4
397 501 4
397 506 4
397 508 3
397 527 4
397 531 4
397 542 4
397 543 4
397 544 3
397 546 4
397 549 4
397 550 4
397 551 3
397 554 4
397 559 4
397 564 3
397 566 4
397 568 4
397 575 4
397 576 4
397 578 4
397 582 4
397 587 4
397 588 4
397 591 4
397 597 4
397 616 4
397 622 4
397 628 4
397 633 4
397 651 4
397 655 4
397 673 4
397 679 3
397 684 4
397 693 4
397 697 4
397 710 3
397 720 3
397 722 3
397 727 3
397 732 4
397 735 4
397 738 4
397 742 4
397 744 4
397 747 4
397 754 3
397 755 4
397 760 3
397 763 4
397 768 3
397 769 4
397 772 4
397 774 3
397 779 3
397 781 3
397 806 4
397 809 3
397 813 4
397 817 2
397 824 3
397 825 4
397 826 4
397 845 4
397 924 4
397 926 4
397 928 4
397 941 4
397 946 4
397 959 4
397 969 4
397 975 4
397 977 4
397 986 3
398 258 4
398 286 4
398 288 3
398 294 4
398 300 4
398 304 4
398 332 4
398 689 3
398 690 4
399 9 4
399 11 4
399 13 4
399 14 4
399 25 4
399 26 4
399 44 3
399 50 4
399 64 4
399 65 4
399 69 4
399 70 4
399 71 4
399 83 4
399 97 4
399 100 4
399 117 4
399 127 4
399 133 4
399 135 4
399 143 4
399 144 3
399 147 4
399 151 3
399 153 3
399 154 3
399 157 4
399 161 4
399 162 4
399 172 4
399 173 4
399 174 4
399 181 4
399 194 4
399 196 4
399 197 4
399 198 4
399 199 3
399 202 4
399 204 4
399 210 4
399 225 3
399 248 4
399 257 4
399 272 4
399 273 3
399 275 4
399 276 4
399 280 3
399 282 4
399 294 3
399 302 4
399 312 3
399 315 4
399 316 4
399 321 3
399 322 3
399 328 3
399 342 4
399 356 4
399 357 4
399 365 3
399 371 3
399 385 4
399 404 4
399 430 3
399 435 4
399 451 4
399 462 4
399 471 4
399 473 2
399 477 2
399 478 4
399 481 4
399 483 4
399 485 3
399 486 3
399 493 4
399 499 4
399 501 4
399 507 4
399 508 4
399 509 4
399 511 4
399 515 4
399 519 4
399 520 4
399 527 4
399 528 4
399 535 4
399 553 3
399 566 4
399 582 4
399 588 3
399 603 4
399 604 4
399 609 4
399 630 2
399 632 4
399 638 3
399 651 4
399 654 4
399 655 4
399 659 4
399 661 4
399 684 4
399 707 4
399 724 4
399 735 4
399 748 2
399 762 3
399 815 2
399 866 3
399 892 3
400 7 4
400 9 4
400 10 4
400 12 4
400 13 4
400 16 4
400 19 4
400 25 4
400 42 4
400 50 4
400 111 4
400 116 4
400 117 4
400 124 4
400 126 4
400 127 4
400 135 4
400 151 4
400 182 4
400 204 4
400 235 4
400 237 4
400 245 4
400 255 4
400 257 4
400 273 4
400 276 4
400 286 4
400 455 4
400 471 4
400 475 4
400 476 4
400 479 4
400 480 4
400 483 4
400 511 4
400 515 4
400 529 4
400 628 4
400 696 4
400 864 4
