151 12 5
151 13 3
151 14 5
151 15 4
151 25 4
151 26 3
151 31 3
151 33 5
151 44 4
151 47 3
152 49 5
152 51 4
152 66 5
152 67 5
152 69 5
152 71 5
152 80 5
152 97 5
152 98 2
152 111 5
153 127 3
153 172 1
153 174 1
153 181 1
153 182 5
153 216 2
153 258 5
153 265 4
153 294 2
153 321 3
154 143 3
154 174 5
154 175 5
154 182 5
154 191 4
154 197 5
154 202 3
154 211 4
154 222 2
154 238 5
155 321 4
155 323 2
155 324 2
155 325 2
155 326 2
155 327 2
155 328 2
155 331 3
155 332 2
155 748 2
156 64 3
156 83 3
156 86 4
156 124 3
156 137 4
156 178 5
156 180 5
156 187 5
156 192 4
156 197 5
157 100 5
157 111 3
157 117 5
157 118 2
157 120 1
157 127 5
157 137 5
157 147 5
157 150 5
157 250 1
158 24 4
158 29 3
158 38 4
158 39 5
158 42 3
158 50 4
158 53 1
158 55 4
158 56 5
158 62 5
159 96 4
159 103 1
159 111 4
159 117 5
159 121 3
159 126 5
159 127 5
159 195 3
159 220 5
159 225 4
160 15 2
160 21 1
160 23 5
160 24 5
160 32 5
160 50 4
160 56 5
160 61 4
160 79 4
160 93 5
161 56 3
161 69 4
161 98 4
161 100 4
161 127 3
161 132 1
161 133 2
161 135 2
161 162 2
161 168 1
162 50 5
162 79 4
162 105 2
162 117 4
162 121 4
162 144 3
162 147 4
162 151 3
162 174 4
162 181 4
163 216 3
163 234 3
163 258 4
163 269 3
163 272 4
163 286 3
163 288 3
163 300 3
163 301 3
163 305 2
164 148 5
164 181 5
164 222 4
164 237 2
164 245 5
164 252 4
164 258 5
164 276 3
164 281 4
164 282 5
165 174 4
165 176 4
165 181 5
165 187 3
165 216 4
165 222 5
165 258 5
165 260 3
165 270 4
165 288 2
166 300 5
166 313 5
166 322 5
166 323 5
166 328 5
166 343 4
166 346 1
166 347 5
166 748 2
166 751 4
167 99 4
167 126 3
167 133 5
167 136 4
167 169 1
167 204 4
167 222 4
167 225 3
167 232 1
167 235 3
168 100 4
168 117 5
168 118 4
168 121 4
168 123 3
168 125 4
168 126 5
168 151 5
168 222 5
168 225 5
169 174 4
169 181 5
169 204 3
169 211 5
169 213 5
169 234 4
169 243 3
169 258 5
169 260 1
169 300 5
170 299 3
170 304 4
170 322 5
170 323 3
170 326 5
170 328 3
170 333 4
170 348 3
170 687 3
170 749 5
171 286 3
171 288 2
171 292 4
171 302 4
171 303 4
171 304 3
171 305 2
171 306 3
171 310 4
171 313 4
172 220 4
172 425 1
172 430 3
172 462 3
172 463 4
172 478 3
172 483 3
172 485 3
172 488 3
172 514 3
173 286 5
173 289 4
173 292 5
173 294 5
173 299 4
173 300 4
173 302 5
173 303 5
173 305 5
173 306 5
174 15 5
174 21 1
174 28 5
174 29 2
174 31 4
174 40 4
174 41 1
174 49 4
174 50 4
174 56 5
175 56 2
175 64 5
175 71 4
175 88 4
175 96 3
175 100 2
175 127 5
175 132 3
175 133 4
175 147 3
176 100 5
176 111 4
176 117 4
176 129 3
176 150 4
176 151 4
176 222 5
176 236 4
176 237 3
176 240 4
177 23 5
177 47 3
177 50 5
177 55 3
177 56 5
177 59 4
177 60 4
177 64 4
177 69 1
177 79 4
178 11 5
178 15 5
178 16 4
178 22 5
178 24 3
178 25 3
178 28 5
178 31 4
178 38 3
178 39 2
179 301 4
179 302 4
179 303 1
179 305 4
179 307 3
179 310 4
179 315 5
179 316 5
179 321 1
179 331 2
180 69 4
180 79 3
180 83 5
180 98 5
180 111 5
180 121 5
180 153 1
180 156 5
180 173 5
180 186 4
181 10 2
181 13 2
181 14 1
181 15 3
181 16 1
181 18 1
181 19 1
181 20 1
181 21 1
181 24 1
182 121 3
182 123 4
182 126 5
182 150 3
182 172 5
182 178 5
182 181 5
182 191 4
182 203 3
182 222 3
183 94 3
183 96 3
183 144 3
183 159 4
183 176 3
183 177 5
183 181 2
183 202 4
183 203 3
183 210 3
184 14 4
184 15 3
184 20 4
184 22 3
184 25 4
184 34 2
184 36 3
184 40 4
184 44 4
184 47 4
185 86 5
185 111 4
185 114 4
185 116 4
185 127 5
185 160 1
185 181 4
185 196 4
185 197 5
185 199 4
186 71 5
186 79 5
186 95 3
186 98 5
186 100 4
186 106 2
186 117 5
186 118 2
186 121 2
186 148 4
187 69 4
187 70 4
187 83 5
187 86 4
187 97 3
187 116 5
187 134 3
187 135 4
187 168 5
187 175 2
188 38 3
188 54 4
188 56 4
188 64 5
188 66 3
188 69 4
188 76 4
188 77 4
188 79 5
188 88 4
189 13 4
189 15 2
189 16 3
189 20 5
189 21 2
189 24 4
189 30 4
189 31 3
189 44 4
189 45 3
190 147 4
190 148 4
190 222 4
190 245 4
190 269 4
190 272 5
190 273 4
190 276 4
190 281 3
190 282 3
191 288 3
191 300 4
191 301 4
191 302 4
191 307 3
191 313 5
191 316 5
191 328 3
191 331 4
191 332 2
192 121 2
192 125 3
192 127 4
192 235 3
192 252 1
192 257 4
192 258 5
192 276 2
192 277 3
192 284 5
193 29 3
193 33 3
193 38 3
193 56 1
193 69 5
193 72 2
193 73 3
193 79 4
193 82 2
193 94 3
194 12 5
194 13 4
194 15 4
194 22 5
194 23 4
194 25 2
194 26 3
194 28 5
194 29 2
194 30 3
195 60 3
195 61 3
195 67 2
195 93 3
195 99 3
195 100 5
195 127 5
195 132 5
195 134 5
195 143 5
196 70 3
196 94 3
196 108 4
196 111 4
196 116 3
196 153 5
196 173 2
196 202 3
196 238 4
196 242 3
197 33 2
197 38 3
197 39 2
197 55 3
197 56 1
197 62 2
197 68 2
197 79 5
197 82 5
197 89 5
198 15 3
198 23 4
198 24 2
198 25 2
198 27 2
198 31 3
198 33 3
198 50 5
198 51 3
198 55 3
199 100 3
199 111 3
199 116 5
199 117 3
199 221 4
199 242 5
199 258 4
199 259 1
199 268 5
199 276 4
200 11 5
200 15 4
200 24 2
200 25 4
200 28 5
200 29 4
200 33 4
200 38 3
200 43 3
200 45 3
